BoneCount: 163
RootBone: 0
BoneName: RootNode
BoneIndex: 0
ParentIndex: -1
BoneChildCount: 2
1
2
1.000000 0.000000 0.000000 0.000000
0.000000 1.000000 0.000000 0.000000
0.000000 0.000000 1.000000 0.000000
0.000000 0.000000 0.000000 1.000000
1.000000 0.000000 -0.000000 0.000000
0.000000 1.000000 -0.000000 0.000000
-0.000000 -0.000000 1.000000 -0.000000
0.000000 0.000000 -0.000000 1.000000
BoneName: Ch03
BoneIndex: 1
ParentIndex: 0
BoneChildCount: 0
1.000000 0.000000 0.000000 0.000000
0.000000 1.000000 0.000000 0.000000
0.000000 0.000000 1.000000 0.000000
0.000000 0.000000 0.000000 1.000000
1.000000 0.000000 -0.000000 0.000000
0.000000 1.000000 -0.000000 0.000000
-0.000000 -0.000000 1.000000 -0.000000
0.000000 0.000000 -0.000000 1.000000
BoneName: mixamorig:Hips
BoneIndex: 2
ParentIndex: 0
BoneChildCount: 3
3
137
150
1.000000 0.000000 -0.000000 0.000000
0.000000 1.000000 -0.000000 0.000000
-0.000000 -0.000000 1.000000 -0.000000
0.000000 -1.026253 -0.005212 1.000000
1.000000 0.000000 -0.000000 0.000000
0.000000 1.000000 -0.000000 0.000000
-0.000000 -0.000000 1.000000 -0.000000
0.000000 1.026253 0.005212 1.000000
BoneName: mixamorig:Spine_$AssimpFbx$_Translation
BoneIndex: 3
ParentIndex: 2
BoneChildCount: 1
4
1.000000 0.000000 0.000000 0.000000
0.000000 1.000000 0.000000 0.000000
0.000000 0.000000 1.000000 0.000000
0.000000 0.000000 0.000000 1.000000
1.000000 0.000000 -0.000000 0.000000
0.000000 1.000000 -0.000000 0.000000
-0.000000 -0.000000 1.000000 -0.000000
0.000000 0.056457 0.000319 1.000000
BoneName: mixamorig:Spine_$AssimpFbx$_PreRotation
BoneIndex: 4
ParentIndex: 3
BoneChildCount: 1
5
1.000000 0.000000 0.000000 0.000000
0.000000 1.000000 0.000000 0.000000
0.000000 0.000000 1.000000 0.000000
0.000000 0.000000 0.000000 1.000000
1.000000 0.000000 -0.000000 0.000000
0.000000 0.999984 0.005655 0.000000
-0.000000 -0.005655 0.999984 -0.000000
0.000000 0.000000 -0.000000 1.000000
BoneName: mixamorig:Spine
BoneIndex: 5
ParentIndex: 4
BoneChildCount: 1
6
1.000000 0.000000 -0.000000 0.000000
0.000000 0.999984 -0.005655 0.000000
-0.000000 0.005655 0.999984 -0.000000
0.000000 -1.082724 0.000592 1.000000
1.000000 0.000000 -0.000000 0.000000
0.000000 1.000000 -0.000000 0.000000
-0.000000 -0.000000 1.000000 -0.000000
0.000000 0.000000 -0.000000 1.000000
BoneName: mixamorig:Spine1
BoneIndex: 6
ParentIndex: 5
BoneChildCount: 1
7
1.000000 0.000000 -0.000000 0.000000
0.000000 0.999984 -0.005655 0.000000
-0.000000 0.005655 0.999984 -0.000000
0.000000 -1.148592 0.000592 1.000000
1.000000 0.000000 -0.000000 0.000000
0.000000 1.000000 -0.000000 0.000000
-0.000000 -0.000000 1.000000 -0.000000
0.000000 0.065868 0.000000 1.000000
BoneName: mixamorig:Spine2
BoneIndex: 7
ParentIndex: 6
BoneChildCount: 3
8
13
75
1.000000 0.000000 -0.000000 0.000000
0.000000 0.999984 -0.005655 0.000000
-0.000000 0.005655 0.999984 -0.000000
0.000000 -1.223869 0.000592 1.000000
1.000000 0.000000 -0.000000 0.000000
0.000000 1.000000 -0.000000 0.000000
-0.000000 -0.000000 1.000000 -0.000000
0.000000 0.075278 0.000000 1.000000
BoneName: mixamorig:Neck_$AssimpFbx$_Translation
BoneIndex: 8
ParentIndex: 7
BoneChildCount: 1
9
1.000000 0.000000 0.000000 0.000000
0.000000 1.000000 0.000000 0.000000
0.000000 0.000000 1.000000 0.000000
0.000000 0.000000 0.000000 1.000000
1.000000 0.000000 -0.000000 0.000000
0.000000 1.000000 -0.000000 0.000000
-0.000000 -0.000000 1.000000 -0.000000
0.000000 0.084687 0.000000 1.000000
BoneName: mixamorig:Neck_$AssimpFbx$_PreRotation
BoneIndex: 9
ParentIndex: 8
BoneChildCount: 1
10
1.000000 0.000000 0.000000 0.000000
0.000000 1.000000 0.000000 0.000000
0.000000 0.000000 1.000000 0.000000
0.000000 0.000000 0.000000 1.000000
1.000000 0.000000 -0.000000 0.000000
0.000000 0.999984 -0.005655 0.000000
-0.000000 0.005655 0.999984 -0.000000
0.000000 0.000000 -0.000000 1.000000
BoneName: mixamorig:Neck
BoneIndex: 10
ParentIndex: 9
BoneChildCount: 1
11
1.000000 0.000000 -0.000000 0.000000
0.000000 1.000000 -0.000000 0.000000
-0.000000 0.000000 1.000000 -0.000000
0.000000 -1.308539 -0.006809 1.000000
1.000000 0.000000 -0.000000 0.000000
0.000000 1.000000 -0.000000 0.000000
-0.000000 -0.000000 1.000000 -0.000000
0.000000 0.000000 -0.000000 1.000000
BoneName: mixamorig:Head
BoneIndex: 11
ParentIndex: 10
BoneChildCount: 1
12
1.000000 0.000000 -0.000000 0.000000
0.000000 1.000000 0.000000 0.000000
-0.000000 -0.000000 1.000000 -0.000000
0.000000 -1.368528 -0.018398 1.000000
1.000000 0.000000 -0.000000 0.000000
0.000000 1.000000 -0.000000 0.000000
-0.000000 -0.000000 1.000000 -0.000000
0.000000 0.059989 0.011590 1.000000
BoneName: mixamorig:HeadTop_End
BoneIndex: 12
ParentIndex: 11
BoneChildCount: 0
1.000000 0.000000 0.000000 0.000000
0.000000 1.000000 0.000000 0.000000
0.000000 0.000000 1.000000 0.000000
0.000000 0.000000 0.000000 1.000000
1.000000 0.000000 -0.000000 0.000000
0.000000 1.000000 -0.000000 0.000000
-0.000000 -0.000000 1.000000 -0.000000
0.000000 0.217488 0.042018 1.000000
BoneName: mixamorig:LeftShoulder_$AssimpFbx$_Translation
BoneIndex: 13
ParentIndex: 7
BoneChildCount: 1
14
1.000000 0.000000 0.000000 0.000000
0.000000 1.000000 0.000000 0.000000
0.000000 0.000000 1.000000 0.000000
0.000000 0.000000 0.000000 1.000000
1.000000 0.000000 -0.000000 0.000000
0.000000 1.000000 -0.000000 0.000000
-0.000000 -0.000000 1.000000 -0.000000
0.034147 0.073434 0.000174 1.000000
BoneName: mixamorig:LeftShoulder_$AssimpFbx$_PreRotation
BoneIndex: 14
ParentIndex: 13
BoneChildCount: 1
15
1.000000 0.000000 0.000000 0.000000
0.000000 1.000000 0.000000 0.000000
0.000000 0.000000 1.000000 0.000000
0.000000 0.000000 0.000000 1.000000
-0.005092 -0.000001 0.999987 0.000000
0.949903 -0.312506 0.004837 0.000000
0.312502 0.949916 0.001593 -0.000000
0.000000 0.000000 -0.000000 1.000000
BoneName: mixamorig:LeftShoulder
BoneIndex: 15
ParentIndex: 14
BoneChildCount: 1
16
-0.005092 0.949903 0.312502 0.000000
-0.005657 -0.312528 0.949892 0.000000
0.999971 0.003069 0.006965 -0.000000
0.000593 0.372981 -1.242999 1.000000
1.000000 0.000000 -0.000000 0.000000
0.000000 1.000000 -0.000000 0.000000
-0.000000 -0.000000 1.000000 -0.000000
0.000000 0.000000 -0.000000 1.000000
BoneName: mixamorig:LeftArm_$AssimpFbx$_Translation
BoneIndex: 16
ParentIndex: 15
BoneChildCount: 1
17
1.000000 0.000000 0.000000 0.000000
0.000000 1.000000 0.000000 0.000000
0.000000 0.000000 1.000000 0.000000
0.000000 0.000000 0.000000 1.000000
1.000000 0.000000 -0.000000 0.000000
0.000000 1.000000 -0.000000 0.000000
-0.000000 -0.000000 1.000000 -0.000000
-0.000000 0.071897 -0.000000 1.000000
BoneName: mixamorig:LeftArm_$AssimpFbx$_PreRotation
BoneIndex: 17
ParentIndex: 16
BoneChildCount: 1
18
1.000000 0.000000 0.000000 0.000000
0.000000 1.000000 0.000000 0.000000
0.000000 0.000000 1.000000 0.000000
0.000000 0.000000 0.000000 1.000000
0.999866 0.016375 -0.000000 0.000000
-0.015643 0.955148 0.295716 0.000000
0.004842 -0.295676 0.955276 -0.000000
0.000000 0.000000 -0.000000 1.000000
BoneName: mixamorig:LeftArm
BoneIndex: 18
ParentIndex: 17
BoneChildCount: 1
19
0.010463 0.999790 0.017635 0.000000
-0.010774 -0.017522 0.999788 0.000000
0.999887 -0.010651 0.010588 -0.000000
0.005523 -0.080007 -1.276427 1.000000
1.000000 0.000000 -0.000000 0.000000
0.000000 1.000000 -0.000000 0.000000
-0.000000 -0.000000 1.000000 -0.000000
0.000000 0.000000 -0.000000 1.000000
BoneName: mixamorig:LeftForeArm_$AssimpFbx$_Translation
BoneIndex: 19
ParentIndex: 18
BoneChildCount: 1
20
1.000000 0.000000 0.000000 0.000000
0.000000 1.000000 0.000000 0.000000
0.000000 0.000000 1.000000 0.000000
0.000000 0.000000 0.000000 1.000000
1.000000 0.000000 -0.000000 0.000000
0.000000 1.000000 -0.000000 0.000000
-0.000000 -0.000000 1.000000 -0.000000
-0.000000 0.242036 -0.000000 1.000000
BoneName: mixamorig:LeftForeArm_$AssimpFbx$_PreRotation
BoneIndex: 20
ParentIndex: 19
BoneChildCount: 1
21
1.000000 0.000000 0.000000 0.000000
0.000000 1.000000 0.000000 0.000000
0.000000 0.000000 1.000000 0.000000
0.000000 0.000000 0.000000 1.000000
0.999789 0.020548 -0.000000 0.000000
-0.020545 0.999641 0.017194 0.000000
0.000353 -0.017190 0.999852 -0.000000
0.000000 0.000000 -0.000000 1.000000
BoneName: mixamorig:LeftForeArm
BoneIndex: 21
ParentIndex: 20
BoneChildCount: 1
22
0.031005 0.999519 0.000451 0.000000
-0.011131 -0.000106 0.999938 0.000000
0.999457 -0.031008 0.011123 -0.000000
-0.001095 -0.343985 -1.270700 1.000000
1.000000 0.000000 -0.000000 0.000000
0.000000 1.000000 -0.000000 0.000000
-0.000000 -0.000000 1.000000 -0.000000
0.000000 0.000000 -0.000000 1.000000
BoneName: mixamorig:LeftHand_$AssimpFbx$_Translation
BoneIndex: 22
ParentIndex: 21
BoneChildCount: 1
23
1.000000 0.000000 0.000000 0.000000
0.000000 1.000000 0.000000 0.000000
0.000000 0.000000 1.000000 0.000000
0.000000 0.000000 0.000000 1.000000
1.000000 0.000000 -0.000000 0.000000
0.000000 1.000000 -0.000000 0.000000
-0.000000 -0.000000 1.000000 -0.000000
0.000000 0.215951 0.000000 1.000000
BoneName: mixamorig:LeftHand_$AssimpFbx$_PreRotation
BoneIndex: 23
ParentIndex: 22
BoneChildCount: 1
24
1.000000 0.000000 0.000000 0.000000
0.000000 1.000000 0.000000 0.000000
0.000000 0.000000 1.000000 0.000000
0.000000 0.000000 0.000000 1.000000
0.990770 -0.058699 0.122186 0.000000
0.054451 0.997800 0.037827 0.000000
-0.124138 -0.030825 0.991786 -0.000000
0.000000 0.000000 -0.000000 1.000000
BoneName: mixamorig:LeftHand
BoneIndex: 24
ParentIndex: 23
BoneChildCount: 5
25
35
45
55
65
-0.027897 0.999025 -0.034211 0.000000
0.111156 0.037112 0.993110 0.000000
0.993411 0.023902 -0.112083 -0.000000
-0.123479 -0.606829 -1.242867 1.000000
1.000000 0.000000 -0.000000 0.000000
0.000000 1.000000 -0.000000 0.000000
-0.000000 -0.000000 1.000000 -0.000000
0.000000 0.000000 -0.000000 1.000000
BoneName: mixamorig:LeftHandThumb1_$AssimpFbx$_Translation
BoneIndex: 25
ParentIndex: 24
BoneChildCount: 1
26
1.000000 0.000000 0.000000 0.000000
0.000000 1.000000 0.000000 0.000000
0.000000 0.000000 1.000000 0.000000
0.000000 0.000000 0.000000 1.000000
1.000000 0.000000 -0.000000 0.000000
0.000000 1.000000 -0.000000 0.000000
-0.000000 -0.000000 1.000000 -0.000000
-0.021453 0.020982 -0.011067 1.000000
BoneName: mixamorig:LeftHandThumb1_$AssimpFbx$_PreRotation
BoneIndex: 26
ParentIndex: 25
BoneChildCount: 1
27
1.000000 0.000000 0.000000 0.000000
0.000000 1.000000 0.000000 0.000000
0.000000 0.000000 1.000000 0.000000
0.000000 0.000000 0.000000 1.000000
0.818953 0.573860 -0.000000 0.000000
-0.537284 0.766755 -0.351301 0.000000
-0.201598 0.287699 0.936262 -0.000000
0.000000 0.000000 -0.000000 1.000000
BoneName: mixamorig:LeftHandThumb1
BoneIndex: 27
ParentIndex: 26
BoneChildCount: 1
28
0.550454 0.793015 0.261012 0.000000
0.112329 -0.380147 0.918080 0.000000
0.827274 -0.476042 -0.298332 -0.000000
-0.443832 0.006172 -1.313341 1.000000
1.000000 0.000000 -0.000000 0.000000
0.000000 1.000000 -0.000000 0.000000
-0.000000 -0.000000 1.000000 -0.000000
0.000000 0.000000 -0.000000 1.000000
BoneName: mixamorig:LeftHandThumb2_$AssimpFbx$_Translation
BoneIndex: 28
ParentIndex: 27
BoneChildCount: 1
29
1.000000 0.000000 0.000000 0.000000
0.000000 1.000000 0.000000 0.000000
0.000000 0.000000 1.000000 0.000000
0.000000 0.000000 0.000000 1.000000
1.000000 0.000000 -0.000000 0.000000
0.000000 1.000000 -0.000000 0.000000
-0.000000 -0.000000 1.000000 -0.000000
-0.004422 0.025202 0.000000 1.000000
BoneName: mixamorig:LeftHandThumb2_$AssimpFbx$_PreRotation
BoneIndex: 29
ParentIndex: 28
BoneChildCount: 1
30
1.000000 0.000000 0.000000 0.000000
0.000000 1.000000 0.000000 0.000000
0.000000 0.000000 1.000000 0.000000
0.000000 0.000000 0.000000 1.000000
1.000000 0.000000 -0.000000 0.000000
0.000000 0.998136 0.061026 0.000000
-0.000000 -0.061026 0.998136 -0.000000
0.000000 0.000000 -0.000000 1.000000
BoneName: mixamorig:LeftHandThumb2
BoneIndex: 30
ParentIndex: 29
BoneChildCount: 1
31
0.550454 0.807465 0.212131 0.000000
0.112329 -0.323412 0.939567 0.000000
0.827274 -0.493360 -0.268725 -0.000000
-0.439410 -0.099143 -1.309732 1.000000
1.000000 0.000000 -0.000000 0.000000
0.000000 1.000000 -0.000000 0.000000
-0.000000 -0.000000 1.000000 -0.000000
0.000000 0.000000 -0.000000 1.000000
BoneName: mixamorig:LeftHandThumb3_$AssimpFbx$_Translation
BoneIndex: 31
ParentIndex: 30
BoneChildCount: 1
32
1.000000 0.000000 0.000000 0.000000
0.000000 1.000000 0.000000 0.000000
0.000000 0.000000 1.000000 0.000000
0.000000 0.000000 0.000000 1.000000
1.000000 0.000000 -0.000000 0.000000
0.000000 1.000000 -0.000000 0.000000
-0.000000 -0.000000 1.000000 -0.000000
0.000501 0.031055 0.000000 1.000000
BoneName: mixamorig:LeftHandThumb3_$AssimpFbx$_PreRotation
BoneIndex: 32
ParentIndex: 31
BoneChildCount: 1
33
1.000000 0.000000 0.000000 0.000000
0.000000 1.000000 0.000000 0.000000
0.000000 0.000000 1.000000 0.000000
0.000000 0.000000 0.000000 1.000000
1.000000 0.000000 -0.000000 0.000000
0.000000 0.999219 0.039526 0.000000
-0.000000 -0.039526 0.999219 -0.000000
0.000000 0.000000 -0.000000 1.000000
BoneName: mixamorig:LeftHandThumb3
BoneIndex: 33
ParentIndex: 32
BoneChildCount: 1
34
0.550454 0.815219 0.180050 0.000000
0.112329 -0.286022 0.951616 0.000000
0.827274 -0.503596 -0.249015 -0.000000
-0.439911 -0.181864 -1.303563 1.000000
1.000000 0.000000 -0.000000 0.000000
0.000000 1.000000 -0.000000 0.000000
-0.000000 -0.000000 1.000000 -0.000000
0.000000 0.000000 -0.000000 1.000000
BoneName: mixamorig:LeftHandThumb4
BoneIndex: 34
ParentIndex: 33
BoneChildCount: 0
1.000000 0.000000 0.000000 0.000000
0.000000 1.000000 0.000000 0.000000
0.000000 0.000000 1.000000 0.000000
0.000000 0.000000 0.000000 1.000000
1.000000 0.000000 -0.000000 0.000000
0.000000 1.000000 -0.000000 0.000000
-0.000000 -0.000000 1.000000 -0.000000
0.003921 0.026771 -0.000000 1.000000
BoneName: mixamorig:LeftHandIndex1_$AssimpFbx$_Translation
BoneIndex: 35
ParentIndex: 24
BoneChildCount: 1
36
1.000000 0.000000 0.000000 0.000000
0.000000 1.000000 0.000000 0.000000
0.000000 0.000000 1.000000 0.000000
0.000000 0.000000 0.000000 1.000000
1.000000 0.000000 -0.000000 0.000000
0.000000 1.000000 -0.000000 0.000000
-0.000000 -0.000000 1.000000 -0.000000
-0.025610 0.071001 -0.000486 1.000000
BoneName: mixamorig:LeftHandIndex1_$AssimpFbx$_PreRotation
BoneIndex: 36
ParentIndex: 35
BoneChildCount: 1
37
1.000000 0.000000 0.000000 0.000000
0.000000 1.000000 0.000000 0.000000
0.000000 0.000000 1.000000 0.000000
0.000000 0.000000 0.000000 1.000000
0.993967 0.109677 -0.000000 0.000000
-0.109627 0.993516 -0.030121 0.000000
-0.003304 0.029939 0.999546 -0.000000
0.000000 0.000000 -0.000000 1.000000
BoneName: mixamorig:LeftHandIndex1
BoneIndex: 37
ParentIndex: 36
BoneChildCount: 1
38
0.081841 0.996637 -0.004196 0.000000
0.114557 -0.005225 0.993403 0.000000
0.990040 -0.081782 -0.114599 -0.000000
-0.171622 -0.625288 -1.261786 1.000000
1.000000 0.000000 -0.000000 0.000000
0.000000 1.000000 -0.000000 0.000000
-0.000000 -0.000000 1.000000 -0.000000
0.000000 0.000000 -0.000000 1.000000
BoneName: mixamorig:LeftHandIndex2_$AssimpFbx$_Translation
BoneIndex: 38
ParentIndex: 37
BoneChildCount: 1
39
1.000000 0.000000 0.000000 0.000000
0.000000 1.000000 0.000000 0.000000
0.000000 0.000000 1.000000 0.000000
0.000000 0.000000 0.000000 1.000000
1.000000 0.000000 -0.000000 0.000000
0.000000 1.000000 -0.000000 0.000000
-0.000000 -0.000000 1.000000 -0.000000
-0.000006 0.030001 -0.000000 1.000000
BoneName: mixamorig:LeftHandIndex2_$AssimpFbx$_PreRotation
BoneIndex: 39
ParentIndex: 38
BoneChildCount: 1
40
1.000000 0.000000 0.000000 0.000000
0.000000 1.000000 0.000000 0.000000
0.000000 0.000000 1.000000 0.000000
0.000000 0.000000 0.000000 1.000000
1.000000 0.000000 -0.000000 0.000000
0.000000 0.999867 -0.016330 0.000000
-0.000000 0.016330 0.999867 -0.000000
0.000000 0.000000 -0.000000 1.000000
BoneName: mixamorig:LeftHandIndex2
BoneIndex: 40
ParentIndex: 39
BoneChildCount: 1
41
0.081841 0.996572 0.012081 0.000000
0.114556 -0.021447 0.993185 0.000000
0.990040 -0.079899 -0.115919 -0.000000
-0.171616 -0.634595 -1.272320 1.000000
1.000000 0.000000 -0.000000 0.000000
0.000000 1.000000 -0.000000 0.000000
-0.000000 -0.000000 1.000000 -0.000000
0.000000 0.000000 -0.000000 1.000000
BoneName: mixamorig:LeftHandIndex3_$AssimpFbx$_Translation
BoneIndex: 41
ParentIndex: 40
BoneChildCount: 1
42
1.000000 0.000000 0.000000 0.000000
0.000000 1.000000 0.000000 0.000000
0.000000 0.000000 1.000000 0.000000
0.000000 0.000000 0.000000 1.000000
1.000000 0.000000 -0.000000 0.000000
0.000000 1.000000 -0.000000 0.000000
-0.000000 -0.000000 1.000000 -0.000000
0.000005 0.027486 0.000000 1.000000
BoneName: mixamorig:LeftHandIndex3_$AssimpFbx$_PreRotation
BoneIndex: 42
ParentIndex: 41
BoneChildCount: 1
43
1.000000 0.000000 0.000000 0.000000
0.000000 1.000000 0.000000 0.000000
0.000000 0.000000 1.000000 0.000000
0.000000 0.000000 0.000000 1.000000
1.000000 0.000000 -0.000000 0.000000
0.000000 0.999972 0.007542 0.000000
-0.000000 -0.007542 0.999972 -0.000000
0.000000 0.000000 -0.000000 1.000000
BoneName: mixamorig:LeftHandIndex3
BoneIndex: 43
ParentIndex: 42
BoneChildCount: 1
44
0.081841 0.996635 0.004564 0.000000
0.114556 -0.013956 0.993319 0.000000
0.990040 -0.080771 -0.115313 -0.000000
-0.171620 -0.671659 -1.267290 1.000000
1.000000 0.000000 -0.000000 0.000000
0.000000 1.000000 -0.000000 0.000000
-0.000000 -0.000000 1.000000 -0.000000
0.000000 0.000000 -0.000000 1.000000
BoneName: mixamorig:LeftHandIndex4
BoneIndex: 44
ParentIndex: 43
BoneChildCount: 0
1.000000 0.000000 0.000000 0.000000
0.000000 1.000000 0.000000 0.000000
0.000000 0.000000 1.000000 0.000000
0.000000 0.000000 0.000000 1.000000
1.000000 0.000000 -0.000000 0.000000
0.000000 1.000000 -0.000000 0.000000
-0.000000 -0.000000 1.000000 -0.000000
0.000001 0.023343 0.000000 1.000000
BoneName: mixamorig:LeftHandMiddle1_$AssimpFbx$_Translation
BoneIndex: 45
ParentIndex: 24
BoneChildCount: 1
46
1.000000 0.000000 0.000000 0.000000
0.000000 1.000000 0.000000 0.000000
0.000000 0.000000 1.000000 0.000000
0.000000 0.000000 0.000000 1.000000
1.000000 0.000000 -0.000000 0.000000
0.000000 1.000000 -0.000000 0.000000
-0.000000 -0.000000 1.000000 -0.000000
-0.008249 0.073827 0.001047 1.000000
BoneName: mixamorig:LeftHandMiddle1_$AssimpFbx$_PreRotation
BoneIndex: 46
ParentIndex: 45
BoneChildCount: 1
47
1.000000 0.000000 0.000000 0.000000
0.000000 1.000000 0.000000 0.000000
0.000000 0.000000 1.000000 0.000000
0.000000 0.000000 0.000000 1.000000
0.999775 0.021209 0.000000 0.000000
-0.021208 0.999720 0.010518 0.000000
0.000223 -0.010516 0.999945 -0.000000
0.000000 0.000000 -0.000000 1.000000
BoneName: mixamorig:LeftHandMiddle1
BoneIndex: 47
ParentIndex: 46
BoneChildCount: 1
48
-0.006702 0.998977 -0.044721 0.000000
0.111919 0.045190 0.992689 0.000000
0.993695 0.001648 -0.112107 -0.000000
-0.129641 -0.691105 -1.236714 1.000000
1.000000 0.000000 -0.000000 0.000000
0.000000 1.000000 -0.000000 0.000000
-0.000000 -0.000000 1.000000 -0.000000
0.000000 0.000000 -0.000000 1.000000
BoneName: mixamorig:LeftHandMiddle2_$AssimpFbx$_Translation
BoneIndex: 48
ParentIndex: 47
BoneChildCount: 1
49
1.000000 0.000000 0.000000 0.000000
0.000000 1.000000 0.000000 0.000000
0.000000 0.000000 1.000000 0.000000
0.000000 0.000000 0.000000 1.000000
1.000000 0.000000 -0.000000 0.000000
0.000000 1.000000 -0.000000 0.000000
-0.000000 -0.000000 1.000000 -0.000000
-0.000019 0.033796 -0.000000 1.000000
BoneName: mixamorig:LeftHandMiddle2_$AssimpFbx$_PreRotation
BoneIndex: 49
ParentIndex: 48
BoneChildCount: 1
50
1.000000 0.000000 0.000000 0.000000
0.000000 1.000000 0.000000 0.000000
0.000000 0.000000 1.000000 0.000000
0.000000 0.000000 0.000000 1.000000
1.000000 0.000000 -0.000000 0.000000
0.000000 0.994577 -0.104002 0.000000
-0.000000 0.104002 0.994577 -0.000000
0.000000 0.000000 -0.000000 1.000000
BoneName: mixamorig:LeftHandMiddle2
BoneIndex: 50
ParentIndex: 49
BoneChildCount: 1
51
-0.006702 0.998211 0.059417 0.000000
0.111918 -0.058296 0.992006 0.000000
0.993695 0.013298 -0.111327 -0.000000
-0.129622 -0.592350 -1.305398 1.000000
1.000000 0.000000 -0.000000 0.000000
0.000000 1.000000 -0.000000 0.000000
-0.000000 -0.000000 1.000000 -0.000000
0.000000 0.000000 -0.000000 1.000000
BoneName: mixamorig:LeftHandMiddle3_$AssimpFbx$_Translation
BoneIndex: 51
ParentIndex: 50
BoneChildCount: 1
52
1.000000 0.000000 0.000000 0.000000
0.000000 1.000000 0.000000 0.000000
0.000000 0.000000 1.000000 0.000000
0.000000 0.000000 0.000000 1.000000
1.000000 0.000000 -0.000000 0.000000
0.000000 1.000000 -0.000000 0.000000
-0.000000 -0.000000 1.000000 -0.000000
0.000055 0.031908 -0.000000 1.000000
BoneName: mixamorig:LeftHandMiddle3_$AssimpFbx$_PreRotation
BoneIndex: 52
ParentIndex: 51
BoneChildCount: 1
53
1.000000 0.000000 0.000000 0.000000
0.000000 1.000000 0.000000 0.000000
0.000000 0.000000 1.000000 0.000000
0.000000 0.000000 0.000000 1.000000
1.000000 0.000000 -0.000000 0.000000
0.000000 0.990105 0.140327 0.000000
-0.000000 -0.140327 0.990105 -0.000000
0.000000 0.000000 -0.000000 1.000000
BoneName: mixamorig:LeftHandMiddle3
BoneIndex: 53
ParentIndex: 52
BoneChildCount: 1
54
-0.006702 0.996671 -0.081246 0.000000
0.111918 0.081485 0.990371 0.000000
0.993695 -0.002455 -0.112092 -0.000000
-0.129677 -0.801263 -1.204882 1.000000
1.000000 0.000000 -0.000000 0.000000
0.000000 1.000000 -0.000000 0.000000
-0.000000 -0.000000 1.000000 -0.000000
0.000000 0.000000 -0.000000 1.000000
BoneName: mixamorig:LeftHandMiddle4
BoneIndex: 54
ParentIndex: 53
BoneChildCount: 0
1.000000 0.000000 0.000000 0.000000
0.000000 1.000000 0.000000 0.000000
0.000000 0.000000 1.000000 0.000000
0.000000 0.000000 0.000000 1.000000
1.000000 0.000000 -0.000000 0.000000
0.000000 1.000000 -0.000000 0.000000
-0.000000 -0.000000 1.000000 -0.000000
-0.000036 0.027520 -0.000000 1.000000
BoneName: mixamorig:LeftHandRing1_$AssimpFbx$_Translation
BoneIndex: 55
ParentIndex: 24
BoneChildCount: 1
56
1.000000 0.000000 0.000000 0.000000
0.000000 1.000000 0.000000 0.000000
0.000000 0.000000 1.000000 0.000000
0.000000 0.000000 0.000000 1.000000
1.000000 0.000000 -0.000000 0.000000
0.000000 1.000000 -0.000000 0.000000
-0.000000 -0.000000 1.000000 -0.000000
0.008878 0.075375 -0.000964 1.000000
BoneName: mixamorig:LeftHandRing1_$AssimpFbx$_PreRotation
BoneIndex: 56
ParentIndex: 55
BoneChildCount: 1
57
1.000000 0.000000 0.000000 0.000000
0.000000 1.000000 0.000000 0.000000
0.000000 0.000000 1.000000 0.000000
0.000000 0.000000 0.000000 1.000000
0.998834 -0.048266 0.000000 0.000000
0.048147 0.996383 0.070022 0.000000
-0.003380 -0.069940 0.997545 -0.000000
0.000000 0.000000 -0.000000 1.000000
BoneName: mixamorig:LeftHandRing1
BoneIndex: 57
ParentIndex: 56
BoneChildCount: 1
58
-0.076083 0.991673 -0.103903 0.000000
0.109235 0.111868 0.987701 0.000000
0.991100 0.063798 -0.116837 -0.000000
-0.099276 -0.773069 -1.190696 1.000000
1.000000 0.000000 -0.000000 0.000000
0.000000 1.000000 -0.000000 0.000000
-0.000000 -0.000000 1.000000 -0.000000
0.000000 0.000000 -0.000000 1.000000
BoneName: mixamorig:LeftHandRing2_$AssimpFbx$_Translation
BoneIndex: 58
ParentIndex: 57
BoneChildCount: 1
59
1.000000 0.000000 0.000000 0.000000
0.000000 1.000000 0.000000 0.000000
0.000000 0.000000 1.000000 0.000000
0.000000 0.000000 0.000000 1.000000
1.000000 0.000000 -0.000000 0.000000
0.000000 1.000000 -0.000000 0.000000
-0.000000 -0.000000 1.000000 -0.000000
-0.000043 0.028452 0.000000 1.000000
BoneName: mixamorig:LeftHandRing2_$AssimpFbx$_PreRotation
BoneIndex: 59
ParentIndex: 58
BoneChildCount: 1
60
1.000000 0.000000 0.000000 0.000000
0.000000 1.000000 0.000000 0.000000
0.000000 0.000000 1.000000 0.000000
0.000000 0.000000 0.000000 1.000000
1.000000 0.000000 -0.000000 0.000000
0.000000 0.996829 -0.079579 0.000000
-0.000000 0.079579 0.996829 -0.000000
0.000000 0.000000 -0.000000 1.000000
BoneName: mixamorig:LeftHandRing2
BoneIndex: 60
ParentIndex: 59
BoneChildCount: 1
61
-0.076084 0.996796 -0.024657 0.000000
0.109236 0.032912 0.993471 0.000000
0.991100 0.072893 -0.111390 -0.000000
-0.099233 -0.704224 -1.250705 1.000000
1.000000 0.000000 -0.000000 0.000000
0.000000 1.000000 -0.000000 0.000000
-0.000000 -0.000000 1.000000 -0.000000
0.000000 0.000000 -0.000000 1.000000
BoneName: mixamorig:LeftHandRing3_$AssimpFbx$_Translation
BoneIndex: 61
ParentIndex: 60
BoneChildCount: 1
62
1.000000 0.000000 0.000000 0.000000
0.000000 1.000000 0.000000 0.000000
0.000000 0.000000 1.000000 0.000000
0.000000 0.000000 0.000000 1.000000
1.000000 0.000000 -0.000000 0.000000
0.000000 1.000000 -0.000000 0.000000
-0.000000 -0.000000 1.000000 -0.000000
0.000007 0.026810 -0.000000 1.000000
BoneName: mixamorig:LeftHandRing3_$AssimpFbx$_PreRotation
BoneIndex: 62
ParentIndex: 61
BoneChildCount: 1
63
1.000000 0.000000 0.000000 0.000000
0.000000 1.000000 0.000000 0.000000
0.000000 0.000000 1.000000 0.000000
0.000000 0.000000 0.000000 1.000000
1.000000 0.000000 -0.000000 0.000000
0.000000 0.998379 -0.056916 0.000000
-0.000000 0.056916 0.998379 -0.000000
0.000000 0.000000 -0.000000 1.000000
BoneName: mixamorig:LeftHandRing3
BoneIndex: 63
ParentIndex: 62
BoneChildCount: 1
64
-0.076084 0.996584 0.032114 0.000000
0.109235 -0.023683 0.993734 0.000000
0.991100 0.079115 -0.107060 -0.000000
-0.099240 -0.658667 -1.290283 1.000000
1.000000 0.000000 -0.000000 0.000000
0.000000 1.000000 -0.000000 0.000000
-0.000000 -0.000000 1.000000 -0.000000
0.000000 0.000000 -0.000000 1.000000
BoneName: mixamorig:LeftHandRing4
BoneIndex: 64
ParentIndex: 63
BoneChildCount: 0
1.000000 0.000000 0.000000 0.000000
0.000000 1.000000 0.000000 0.000000
0.000000 0.000000 1.000000 0.000000
0.000000 0.000000 0.000000 1.000000
1.000000 0.000000 -0.000000 0.000000
0.000000 1.000000 -0.000000 0.000000
-0.000000 -0.000000 1.000000 -0.000000
0.000035 0.022807 -0.000000 1.000000
BoneName: mixamorig:LeftHandPinky1_$AssimpFbx$_Translation
BoneIndex: 65
ParentIndex: 24
BoneChildCount: 1
66
1.000000 0.000000 0.000000 0.000000
0.000000 1.000000 0.000000 0.000000
0.000000 0.000000 1.000000 0.000000
0.000000 0.000000 0.000000 1.000000
1.000000 0.000000 -0.000000 0.000000
0.000000 1.000000 -0.000000 0.000000
-0.000000 -0.000000 1.000000 -0.000000
0.024982 0.073617 -0.000287 1.000000
BoneName: mixamorig:LeftHandPinky1_$AssimpFbx$_PreRotation
BoneIndex: 66
ParentIndex: 65
BoneChildCount: 1
67
1.000000 0.000000 0.000000 0.000000
0.000000 1.000000 0.000000 0.000000
0.000000 0.000000 1.000000 0.000000
0.000000 0.000000 0.000000 1.000000
0.997131 -0.075690 0.000000 0.000000
0.075684 0.997054 -0.012496 0.000000
0.000946 0.012460 0.999922 -0.000000
0.000000 0.000000 -0.000000 1.000000
BoneName: mixamorig:LeftHandPinky1
BoneIndex: 67
ParentIndex: 66
BoneChildCount: 1
68
-0.103433 0.994398 -0.021783 0.000000
0.108028 0.033002 0.993600 0.000000
0.988752 0.100418 -0.110837 -0.000000
-0.096533 -0.674146 -1.251105 1.000000
1.000000 0.000000 -0.000000 0.000000
0.000000 1.000000 -0.000000 0.000000
-0.000000 -0.000000 1.000000 -0.000000
0.000000 0.000000 -0.000000 1.000000
BoneName: mixamorig:LeftHandPinky2_$AssimpFbx$_Translation
BoneIndex: 68
ParentIndex: 67
BoneChildCount: 1
69
1.000000 0.000000 0.000000 0.000000
0.000000 1.000000 0.000000 0.000000
0.000000 0.000000 1.000000 0.000000
0.000000 0.000000 0.000000 1.000000
1.000000 0.000000 -0.000000 0.000000
0.000000 1.000000 -0.000000 0.000000
-0.000000 -0.000000 1.000000 -0.000000
0.000005 0.024802 0.000000 1.000000
BoneName: mixamorig:LeftHandPinky2_$AssimpFbx$_PreRotation
BoneIndex: 69
ParentIndex: 68
BoneChildCount: 1
70
1.000000 0.000000 0.000000 0.000000
0.000000 1.000000 0.000000 0.000000
0.000000 0.000000 1.000000 0.000000
0.000000 0.000000 0.000000 1.000000
1.000000 0.000000 -0.000000 0.000000
0.000000 0.999758 -0.021992 0.000000
-0.000000 0.021992 0.999758 -0.000000
0.000000 0.000000 -0.000000 1.000000
BoneName: mixamorig:LeftHandPinky2
BoneIndex: 70
ParentIndex: 69
BoneChildCount: 1
71
-0.103433 0.994636 0.000094 0.000000
0.108029 0.011140 0.994085 0.000000
0.988752 0.102832 -0.108601 -0.000000
-0.096539 -0.671261 -1.266175 1.000000
1.000000 0.000000 -0.000000 0.000000
0.000000 1.000000 -0.000000 0.000000
-0.000000 -0.000000 1.000000 -0.000000
0.000000 0.000000 -0.000000 1.000000
BoneName: mixamorig:LeftHandPinky3_$AssimpFbx$_Translation
BoneIndex: 71
ParentIndex: 70
BoneChildCount: 1
72
1.000000 0.000000 0.000000 0.000000
0.000000 1.000000 0.000000 0.000000
0.000000 0.000000 1.000000 0.000000
0.000000 0.000000 0.000000 1.000000
1.000000 0.000000 -0.000000 0.000000
0.000000 1.000000 -0.000000 0.000000
-0.000000 -0.000000 1.000000 -0.000000
0.000014 0.019511 0.000000 1.000000
BoneName: mixamorig:LeftHandPinky3_$AssimpFbx$_PreRotation
BoneIndex: 72
ParentIndex: 71
BoneChildCount: 1
73
1.000000 0.000000 0.000000 0.000000
0.000000 1.000000 0.000000 0.000000
0.000000 0.000000 1.000000 0.000000
0.000000 0.000000 0.000000 1.000000
1.000000 0.000000 -0.000000 0.000000
0.000000 0.996628 0.082058 0.000000
-0.000000 -0.082058 0.996628 -0.000000
0.000000 0.000000 -0.000000 1.000000
BoneName: mixamorig:LeftHandPinky3
BoneIndex: 73
ParentIndex: 72
BoneChildCount: 1
74
-0.103434 0.991289 -0.081525 0.000000
0.108029 0.092676 0.989819 0.000000
0.988752 0.093573 -0.116674 -0.000000
-0.096552 -0.792343 -1.205221 1.000000
1.000000 0.000000 -0.000000 0.000000
0.000000 1.000000 -0.000000 0.000000
-0.000000 -0.000000 1.000000 -0.000000
0.000000 0.000000 -0.000000 1.000000
BoneName: mixamorig:LeftHandPinky4
BoneIndex: 74
ParentIndex: 73
BoneChildCount: 0
1.000000 0.000000 0.000000 0.000000
0.000000 1.000000 0.000000 0.000000
0.000000 0.000000 1.000000 0.000000
0.000000 0.000000 0.000000 1.000000
1.000000 0.000000 -0.000000 0.000000
0.000000 1.000000 -0.000000 0.000000
-0.000000 -0.000000 1.000000 -0.000000
-0.000019 0.016595 -0.000000 1.000000
BoneName: mixamorig:RightShoulder_$AssimpFbx$_Translation
BoneIndex: 75
ParentIndex: 7
BoneChildCount: 1
76
1.000000 0.000000 0.000000 0.000000
0.000000 1.000000 0.000000 0.000000
0.000000 0.000000 1.000000 0.000000
0.000000 0.000000 0.000000 1.000000
1.000000 0.000000 -0.000000 0.000000
0.000000 1.000000 -0.000000 0.000000
-0.000000 -0.000000 1.000000 -0.000000
-0.034147 0.073432 -0.000047 1.000000
BoneName: mixamorig:RightShoulder_$AssimpFbx$_PreRotation
BoneIndex: 76
ParentIndex: 75
BoneChildCount: 1
77
1.000000 0.000000 0.000000 0.000000
0.000000 1.000000 0.000000 0.000000
0.000000 0.000000 1.000000 0.000000
0.000000 0.000000 0.000000 1.000000
0.001370 0.000001 -0.999999 0.000000
-0.949903 -0.312541 -0.001302 0.000000
-0.312540 0.949904 -0.000427 -0.000000
0.000000 0.000000 -0.000000 1.000000
BoneName: mixamorig:RightShoulder
BoneIndex: 77
ParentIndex: 76
BoneChildCount: 1
78
0.001370 -0.949903 -0.312539 0.000000
0.005657 -0.312527 0.949892 0.000000
-0.999983 -0.003069 0.004945 -0.000000
-0.000593 0.373021 -1.242985 1.000000
1.000000 0.000000 -0.000000 0.000000
0.000000 1.000000 -0.000000 0.000000
-0.000000 -0.000000 1.000000 -0.000000
0.000000 0.000000 -0.000000 1.000000
BoneName: mixamorig:RightArm_$AssimpFbx$_Translation
BoneIndex: 78
ParentIndex: 77
BoneChildCount: 1
79
1.000000 0.000000 0.000000 0.000000
0.000000 1.000000 0.000000 0.000000
0.000000 0.000000 1.000000 0.000000
0.000000 0.000000 0.000000 1.000000
1.000000 0.000000 -0.000000 0.000000
0.000000 1.000000 -0.000000 0.000000
-0.000000 -0.000000 1.000000 -0.000000
-0.000000 0.071897 -0.000000 1.000000
BoneName: mixamorig:RightArm_$AssimpFbx$_PreRotation
BoneIndex: 79
ParentIndex: 78
BoneChildCount: 1
80
1.000000 0.000000 0.000000 0.000000
0.000000 1.000000 0.000000 0.000000
0.000000 0.000000 1.000000 0.000000
0.000000 0.000000 0.000000 1.000000
0.999986 -0.005326 -0.000000 0.000000
0.005088 0.955234 0.295806 0.000000
-0.001576 -0.295802 0.955248 -0.000000
0.000000 0.000000 -0.000000 1.000000
BoneName: mixamorig:RightArm
BoneIndex: 80
ParentIndex: 79
BoneChildCount: 1
81
0.006429 -0.999825 -0.017572 0.000000
0.007321 -0.017525 0.999820 0.000000
-0.999953 -0.006557 0.007207 -0.000000
-0.002197 -0.080040 -1.276432 1.000000
1.000000 0.000000 -0.000000 0.000000
0.000000 1.000000 -0.000000 0.000000
-0.000000 -0.000000 1.000000 -0.000000
0.000000 0.000000 -0.000000 1.000000
BoneName: mixamorig:RightForeArm_$AssimpFbx$_Translation
BoneIndex: 81
ParentIndex: 80
BoneChildCount: 1
82
1.000000 0.000000 0.000000 0.000000
0.000000 1.000000 0.000000 0.000000
0.000000 0.000000 1.000000 0.000000
0.000000 0.000000 0.000000 1.000000
1.000000 0.000000 -0.000000 0.000000
0.000000 1.000000 -0.000000 0.000000
-0.000000 -0.000000 1.000000 -0.000000
0.000000 0.242027 0.000000 1.000000
BoneName: mixamorig:RightForeArm_$AssimpFbx$_PreRotation
BoneIndex: 82
ParentIndex: 81
BoneChildCount: 1
83
1.000000 0.000000 0.000000 0.000000
0.000000 1.000000 0.000000 0.000000
0.000000 0.000000 1.000000 0.000000
0.000000 0.000000 0.000000 1.000000
0.999678 -0.025385 -0.000000 0.000000
0.025381 0.999529 0.017227 0.000000
-0.000437 -0.017222 0.999852 -0.000000
0.000000 0.000000 -0.000000 1.000000
BoneName: mixamorig:RightForeArm
BoneIndex: 83
ParentIndex: 82
BoneChildCount: 1
84
0.031808 -0.999494 -0.000354 0.000000
0.007764 -0.000107 0.999970 0.000000
-0.999464 -0.031810 0.007756 -0.000000
0.005979 -0.343961 -1.270695 1.000000
1.000000 0.000000 -0.000000 0.000000
0.000000 1.000000 -0.000000 0.000000
-0.000000 -0.000000 1.000000 -0.000000
0.000000 0.000000 -0.000000 1.000000
BoneName: mixamorig:RightHand_$AssimpFbx$_Translation
BoneIndex: 84
ParentIndex: 83
BoneChildCount: 1
85
1.000000 0.000000 0.000000 0.000000
0.000000 1.000000 0.000000 0.000000
0.000000 0.000000 1.000000 0.000000
0.000000 0.000000 0.000000 1.000000
1.000000 0.000000 -0.000000 0.000000
0.000000 1.000000 -0.000000 0.000000
-0.000000 -0.000000 1.000000 -0.000000
-0.000000 0.215956 0.000000 1.000000
BoneName: mixamorig:RightHand_$AssimpFbx$_PreRotation
BoneIndex: 85
ParentIndex: 84
BoneChildCount: 1
86
1.000000 0.000000 0.000000 0.000000
0.000000 1.000000 0.000000 0.000000
0.000000 0.000000 1.000000 0.000000
0.000000 0.000000 0.000000 1.000000
0.992196 0.061406 -0.108516 0.000000
-0.057113 0.997474 0.042241 0.000000
0.110835 -0.035714 0.993197 -0.000000
0.000000 0.000000 -0.000000 1.000000
BoneName: mixamorig:RightHand
BoneIndex: 86
ParentIndex: 85
BoneChildCount: 5
87
97
107
117
127
-0.029777 -0.998801 0.038871 0.000000
-0.100816 0.041691 0.994031 0.000000
-0.994459 0.025680 -0.101936 -0.000000
0.109440 -0.612521 -1.241390 1.000000
1.000000 0.000000 -0.000000 0.000000
0.000000 1.000000 -0.000000 0.000000
-0.000000 -0.000000 1.000000 -0.000000
0.000000 0.000000 -0.000000 1.000000
BoneName: mixamorig:RightHandThumb1_$AssimpFbx$_Translation
BoneIndex: 87
ParentIndex: 86
BoneChildCount: 1
88
1.000000 0.000000 0.000000 0.000000
0.000000 1.000000 0.000000 0.000000
0.000000 0.000000 1.000000 0.000000
0.000000 0.000000 0.000000 1.000000
1.000000 0.000000 -0.000000 0.000000
0.000000 1.000000 -0.000000 0.000000
-0.000000 -0.000000 1.000000 -0.000000
0.021654 0.021352 -0.011745 1.000000
BoneName: mixamorig:RightHandThumb1_$AssimpFbx$_PreRotation
BoneIndex: 88
ParentIndex: 87
BoneChildCount: 1
89
1.000000 0.000000 0.000000 0.000000
0.000000 1.000000 0.000000 0.000000
0.000000 0.000000 1.000000 0.000000
0.000000 0.000000 0.000000 1.000000
0.818869 -0.573981 -0.000000 0.000000
0.534275 0.762224 -0.365465 0.000000
0.209770 0.299268 0.930825 -0.000000
0.000000 0.000000 -0.000000 1.000000
BoneName: mixamorig:RightHandThumb1
BoneIndex: 89
ParentIndex: 88
BoneChildCount: 1
90
0.548909 -0.791424 -0.268975 0.000000
-0.106484 -0.385371 0.916597 0.000000
-0.829072 -0.474487 -0.295807 -0.000000
0.435716 0.013144 -1.315867 1.000000
1.000000 0.000000 -0.000000 0.000000
0.000000 1.000000 -0.000000 0.000000
-0.000000 -0.000000 1.000000 -0.000000
0.000000 0.000000 -0.000000 1.000000
BoneName: mixamorig:RightHandThumb2_$AssimpFbx$_Translation
BoneIndex: 90
ParentIndex: 89
BoneChildCount: 1
91
1.000000 0.000000 0.000000 0.000000
0.000000 1.000000 0.000000 0.000000
0.000000 0.000000 1.000000 0.000000
0.000000 0.000000 0.000000 1.000000
1.000000 0.000000 -0.000000 0.000000
0.000000 1.000000 -0.000000 0.000000
-0.000000 -0.000000 1.000000 -0.000000
0.004381 0.025709 0.000000 1.000000
BoneName: mixamorig:RightHandThumb2_$AssimpFbx$_PreRotation
BoneIndex: 91
ParentIndex: 90
BoneChildCount: 1
92
1.000000 0.000000 0.000000 0.000000
0.000000 1.000000 0.000000 0.000000
0.000000 0.000000 1.000000 0.000000
0.000000 0.000000 0.000000 1.000000
1.000000 0.000000 -0.000000 0.000000
0.000000 0.997244 0.074198 0.000000
-0.000000 -0.074198 0.997244 -0.000000
0.000000 0.000000 -0.000000 1.000000
BoneName: mixamorig:RightHandThumb2
BoneIndex: 92
ParentIndex: 91
BoneChildCount: 1
93
0.548909 -0.809200 -0.209511 0.000000
-0.106484 -0.316298 0.942664 0.000000
-0.829072 -0.495127 -0.259786 -0.000000
0.431336 -0.110167 -1.311308 1.000000
1.000000 0.000000 -0.000000 0.000000
0.000000 1.000000 -0.000000 0.000000
-0.000000 -0.000000 1.000000 -0.000000
0.000000 0.000000 -0.000000 1.000000
BoneName: mixamorig:RightHandThumb3_$AssimpFbx$_Translation
BoneIndex: 93
ParentIndex: 92
BoneChildCount: 1
94
1.000000 0.000000 0.000000 0.000000
0.000000 1.000000 0.000000 0.000000
0.000000 0.000000 1.000000 0.000000
0.000000 0.000000 0.000000 1.000000
1.000000 0.000000 -0.000000 0.000000
0.000000 1.000000 -0.000000 0.000000
-0.000000 -0.000000 1.000000 -0.000000
-0.000521 0.030593 -0.000000 1.000000
BoneName: mixamorig:RightHandThumb3_$AssimpFbx$_PreRotation
BoneIndex: 94
ParentIndex: 93
BoneChildCount: 1
95
1.000000 0.000000 0.000000 0.000000
0.000000 1.000000 0.000000 0.000000
0.000000 0.000000 1.000000 0.000000
0.000000 0.000000 0.000000 1.000000
1.000000 0.000000 -0.000000 0.000000
0.000000 0.999828 0.018562 0.000000
-0.000000 -0.018562 0.999828 -0.000000
0.000000 0.000000 -0.000000 1.000000
BoneName: mixamorig:RightHandThumb3
BoneIndex: 95
ParentIndex: 94
BoneChildCount: 1
96
0.548909 -0.812949 -0.194455 0.000000
-0.106483 -0.298747 0.948373 0.000000
-0.829072 -0.499864 -0.250550 -0.000000
0.431855 -0.165075 -1.308469 1.000000
1.000000 0.000000 -0.000000 0.000000
0.000000 1.000000 -0.000000 0.000000
-0.000000 -0.000000 1.000000 -0.000000
0.000000 0.000000 -0.000000 1.000000
BoneName: mixamorig:RightHandThumb4
BoneIndex: 96
ParentIndex: 95
BoneChildCount: 0
1.000000 0.000000 0.000000 0.000000
0.000000 1.000000 0.000000 0.000000
0.000000 0.000000 1.000000 0.000000
0.000000 0.000000 0.000000 1.000000
1.000000 0.000000 -0.000000 0.000000
0.000000 1.000000 -0.000000 0.000000
-0.000000 -0.000000 1.000000 -0.000000
-0.003860 0.026252 0.000000 1.000000
BoneName: mixamorig:RightHandIndex1_$AssimpFbx$_Translation
BoneIndex: 97
ParentIndex: 86
BoneChildCount: 1
98
1.000000 0.000000 0.000000 0.000000
0.000000 1.000000 0.000000 0.000000
0.000000 0.000000 1.000000 0.000000
0.000000 0.000000 0.000000 1.000000
1.000000 0.000000 -0.000000 0.000000
0.000000 1.000000 -0.000000 0.000000
-0.000000 -0.000000 1.000000 -0.000000
0.025670 0.071050 -0.000394 1.000000
BoneName: mixamorig:RightHandIndex1_$AssimpFbx$_PreRotation
BoneIndex: 98
ParentIndex: 97
BoneChildCount: 1
99
1.000000 0.000000 0.000000 0.000000
0.000000 1.000000 0.000000 0.000000
0.000000 0.000000 1.000000 0.000000
0.000000 0.000000 0.000000 1.000000
0.991841 -0.127480 -0.000000 0.000000
0.127404 0.991252 -0.034460 0.000000
0.004393 0.034179 0.999406 -0.000000
0.000000 0.000000 -0.000000 1.000000
BoneName: mixamorig:RightHandIndex1
BoneIndex: 99
ParentIndex: 98
BoneChildCount: 1
100
0.097793 -0.995196 0.004579 0.000000
-0.105308 -0.005773 0.994423 0.000000
-0.989620 -0.097730 -0.105367 -0.000000
0.170229 -0.624154 -1.263254 1.000000
1.000000 0.000000 -0.000000 0.000000
0.000000 1.000000 -0.000000 0.000000
-0.000000 -0.000000 1.000000 -0.000000
0.000000 0.000000 -0.000000 1.000000
BoneName: mixamorig:RightHandIndex2_$AssimpFbx$_Translation
BoneIndex: 100
ParentIndex: 99
BoneChildCount: 1
101
1.000000 0.000000 0.000000 0.000000
0.000000 1.000000 0.000000 0.000000
0.000000 0.000000 1.000000 0.000000
0.000000 0.000000 0.000000 1.000000
1.000000 0.000000 -0.000000 0.000000
0.000000 1.000000 -0.000000 0.000000
-0.000000 -0.000000 1.000000 -0.000000
-0.000010 0.029493 0.000000 1.000000
BoneName: mixamorig:RightHandIndex2_$AssimpFbx$_PreRotation
BoneIndex: 101
ParentIndex: 100
BoneChildCount: 1
102
1.000000 0.000000 0.000000 0.000000
0.000000 1.000000 0.000000 0.000000
