BoneCount: 168
RootBone: 0
BoneName: RootNode
BoneIndex: 0
ParentIndex: -1
BoneChildCount: 7
1
162
163
164
165
166
167
1.000000 0.000000 0.000000 0.000000
0.000000 1.000000 0.000000 0.000000
0.000000 0.000000 1.000000 0.000000
0.000000 0.000000 0.000000 1.000000
1.000000 0.000000 -0.000000 0.000000
0.000000 1.000000 -0.000000 0.000000
-0.000000 -0.000000 1.000000 -0.000000
0.000000 0.000000 -0.000000 1.000000
BoneName: mixamorig:Hips
BoneIndex: 1
ParentIndex: 0
BoneChildCount: 3
2
136
149
1.000000 0.000000 -0.000000 0.000000
0.000000 1.000000 -0.000000 0.000000
-0.000000 -0.000000 1.000000 -0.000000
0.000000 -0.000001 -0.000000 1.000000
1.000000 0.000000 -0.000000 0.000000
0.000000 1.000000 -0.000000 0.000000
-0.000000 -0.000000 1.000000 -0.000000
-0.000000 0.000000 0.000000 1.000000
BoneName: mixamorig:Spine_$AssimpFbx$_Translation
BoneIndex: 2
ParentIndex: 1
BoneChildCount: 1
3
1.000000 0.000000 0.000000 0.000000
0.000000 1.000000 0.000000 0.000000
0.000000 0.000000 1.000000 0.000000
0.000000 0.000000 0.000000 1.000000
1.000000 0.000000 -0.000000 0.000000
0.000000 1.000000 -0.000000 0.000000
-0.000000 -0.000000 1.000000 -0.000000
0.000000 0.000000 0.000000 1.000000
BoneName: mixamorig:Spine_$AssimpFbx$_PreRotation
BoneIndex: 3
ParentIndex: 2
BoneChildCount: 1
4
1.000000 0.000000 0.000000 0.000000
0.000000 1.000000 0.000000 0.000000
0.000000 0.000000 1.000000 0.000000
0.000000 0.000000 0.000000 1.000000
1.000000 0.000000 -0.000000 0.000000
0.000000 0.993296 0.115597 0.000000
-0.000000 -0.115597 0.993296 -0.000000
0.000000 0.000000 -0.000000 1.000000
BoneName: mixamorig:Spine
BoneIndex: 4
ParentIndex: 3
BoneChildCount: 1
5
1.000000 0.000000 -0.000000 0.000000
0.000000 0.993296 -0.115597 0.000000
-0.000000 0.115597 0.993296 -0.000000
0.000000 -0.000000 0.000000 1.000000
1.000000 0.000000 -0.000000 0.000000
0.000000 1.000000 -0.000000 0.000000
-0.000000 -0.000000 1.000000 -0.000000
0.000000 0.000000 -0.000000 1.000000
BoneName: mixamorig:Spine1
BoneIndex: 5
ParentIndex: 4
BoneChildCount: 1
6
1.000000 0.000000 -0.000000 0.000000
0.000000 0.993296 -0.115597 0.000000
-0.000000 0.115597 0.993296 -0.000000
0.000000 -0.000000 0.000000 1.000000
1.000000 0.000000 -0.000000 0.000000
0.000000 1.000000 -0.000000 0.000000
-0.000000 -0.000000 1.000000 -0.000000
0.000000 0.000000 0.000000 1.000000
BoneName: mixamorig:Spine2
BoneIndex: 6
ParentIndex: 5
BoneChildCount: 3
7
12
74
1.000000 0.000000 -0.000000 0.000000
0.000000 0.993296 -0.115597 0.000000
-0.000000 0.115597 0.993296 -0.000000
0.000067 -1.326510 0.111633 1.000000
1.000000 0.000000 -0.000000 0.000000
0.000000 1.000000 -0.000000 0.000000
-0.000000 -0.000000 1.000000 -0.000000
0.000000 0.000000 -0.000000 1.000000
BoneName: mixamorig:Neck_$AssimpFbx$_Translation
BoneIndex: 7
ParentIndex: 6
BoneChildCount: 1
8
1.000000 0.000000 0.000000 0.000000
0.000000 1.000000 0.000000 0.000000
0.000000 0.000000 1.000000 0.000000
0.000000 0.000000 0.000000 1.000000
1.000000 0.000000 -0.000000 0.000000
0.000000 1.000000 -0.000000 0.000000
-0.000000 -0.000000 1.000000 -0.000000
0.000000 0.000000 -0.000000 1.000000
BoneName: mixamorig:Neck_$AssimpFbx$_PreRotation
BoneIndex: 8
ParentIndex: 7
BoneChildCount: 1
9
1.000000 0.000000 0.000000 0.000000
0.000000 1.000000 0.000000 0.000000
0.000000 0.000000 1.000000 0.000000
0.000000 0.000000 0.000000 1.000000
1.000000 0.000000 -0.000000 0.000000
0.000000 0.993296 -0.115597 0.000000
-0.000000 0.115597 0.993296 -0.000000
0.000000 0.000000 -0.000000 1.000000
BoneName: mixamorig:Neck
BoneIndex: 9
ParentIndex: 8
BoneChildCount: 1
10
1.000000 0.000000 -0.000000 0.000000
0.000000 1.000000 0.000000 0.000000
-0.000000 -0.000000 1.000000 -0.000000
0.000067 -1.479525 -0.059797 1.000000
1.000000 0.000000 -0.000000 0.000000
0.000000 1.000000 -0.000000 0.000000
-0.000000 -0.000000 1.000000 -0.000000
0.000000 0.000000 -0.000000 1.000000
BoneName: mixamorig:Head
BoneIndex: 10
ParentIndex: 9
BoneChildCount: 1
11
1.000000 0.000000 -0.000000 0.000000
0.000000 1.000000 0.000000 0.000000
-0.000000 -0.000000 1.000000 -0.000000
0.000067 -1.544510 -0.048819 1.000000
1.000000 0.000000 -0.000000 0.000000
0.000000 1.000000 -0.000000 0.000000
-0.000000 -0.000000 1.000000 -0.000000
0.000000 0.000000 -0.000000 1.000000
BoneName: mixamorig:HeadTop_End
BoneIndex: 11
ParentIndex: 10
BoneChildCount: 0
1.000000 0.000000 -0.000000 0.000000
0.000000 1.000000 0.000000 0.000000
-0.000000 -0.000000 1.000000 -0.000000
0.000067 -1.762964 -0.011912 1.000000
1.000000 0.000000 -0.000000 0.000000
0.000000 1.000000 -0.000000 0.000000
-0.000000 -0.000000 1.000000 -0.000000
0.000000 0.000000 -0.000000 1.000000
BoneName: mixamorig:LeftShoulder_$AssimpFbx$_Translation
BoneIndex: 12
ParentIndex: 6
BoneChildCount: 1
13
1.000000 0.000000 0.000000 0.000000
0.000000 1.000000 0.000000 0.000000
0.000000 0.000000 1.000000 0.000000
0.000000 0.000000 0.000000 1.000000
1.000000 0.000000 -0.000000 0.000000
0.000000 1.000000 -0.000000 0.000000
-0.000000 -0.000000 1.000000 -0.000000
0.000000 0.000000 0.000000 1.000000
BoneName: mixamorig:LeftShoulder_$AssimpFbx$_PreRotation
BoneIndex: 13
ParentIndex: 12
BoneChildCount: 1
14
1.000000 0.000000 0.000000 0.000000
0.000000 1.000000 0.000000 0.000000
0.000000 0.000000 1.000000 0.000000
0.000000 0.000000 0.000000 1.000000
-0.038230 0.000142 0.999269 0.000000
0.952868 -0.301181 0.036497 0.000000
0.300966 0.953567 0.011379 -0.000000
0.000000 0.000000 -0.000000 1.000000
BoneName: mixamorig:LeftShoulder
BoneIndex: 14
ParentIndex: 13
BoneChildCount: 1
15
-0.038230 0.952868 0.300966 0.000000
-0.115372 -0.303381 0.945859 0.000000
0.992586 0.001437 0.121533 -0.000000
0.111361 0.385974 -1.406847 1.000000
1.000000 0.000000 -0.000000 0.000000
0.000000 1.000000 -0.000000 0.000000
-0.000000 -0.000000 1.000000 -0.000000
0.000000 0.000000 -0.000000 1.000000
BoneName: mixamorig:LeftArm_$AssimpFbx$_Translation
BoneIndex: 15
ParentIndex: 14
BoneChildCount: 1
16
1.000000 0.000000 0.000000 0.000000
0.000000 1.000000 0.000000 0.000000
0.000000 0.000000 1.000000 0.000000
0.000000 0.000000 0.000000 1.000000
1.000000 0.000000 -0.000000 0.000000
0.000000 1.000000 -0.000000 0.000000
-0.000000 -0.000000 1.000000 -0.000000
0.000000 0.000000 -0.000000 1.000000
BoneName: mixamorig:LeftArm_$AssimpFbx$_PreRotation
BoneIndex: 16
ParentIndex: 15
BoneChildCount: 1
17
1.000000 0.000000 0.000000 0.000000
0.000000 1.000000 0.000000 0.000000
0.000000 0.000000 1.000000 0.000000
0.000000 0.000000 0.000000 1.000000
0.999991 -0.004327 -0.000000 0.000000
0.004234 0.978609 0.205686 0.000000
-0.000890 -0.205684 0.978618 -0.000000
0.000000 0.000000 -0.000000 1.000000
BoneName: mixamorig:LeftArm
BoneIndex: 17
ParentIndex: 16
BoneChildCount: 1
18
-0.042352 0.994228 0.098575 0.000000
-0.114058 -0.102830 0.988138 0.000000
0.992571 0.030606 0.117755 -0.000000
0.000000 -0.000000 -0.000001 1.000000
1.000000 0.000000 -0.000000 0.000000
0.000000 1.000000 -0.000000 0.000000
-0.000000 -0.000000 1.000000 -0.000000
0.000000 0.000000 -0.000000 1.000000
BoneName: mixamorig:LeftForeArm_$AssimpFbx$_Translation
BoneIndex: 18
ParentIndex: 17
BoneChildCount: 1
19
1.000000 0.000000 0.000000 0.000000
0.000000 1.000000 0.000000 0.000000
0.000000 0.000000 1.000000 0.000000
0.000000 0.000000 0.000000 1.000000
1.000000 0.000000 -0.000000 0.000000
0.000000 1.000000 -0.000000 0.000000
-0.000000 -0.000000 1.000000 -0.000000
-0.000000 0.000000 0.000000 1.000000
BoneName: mixamorig:LeftForeArm_$AssimpFbx$_PreRotation
BoneIndex: 19
ParentIndex: 18
BoneChildCount: 1
20
1.000000 0.000000 0.000000 0.000000
0.000000 1.000000 0.000000 0.000000
0.000000 0.000000 1.000000 0.000000
0.000000 0.000000 0.000000 1.000000
0.995070 0.099176 -0.000000 0.000000
-0.098463 0.987918 0.119683 0.000000
0.011870 -0.119093 0.992812 -0.000000
0.000000 0.000000 -0.000000 1.000000
BoneName: mixamorig:LeftForeArm
BoneIndex: 20
ParentIndex: 19
BoneChildCount: 1
21
0.056460 0.998183 -0.021042 0.000000
-0.123694 0.027906 0.991928 0.000000
0.990713 -0.053402 0.125045 -0.000000
0.000000 -0.000000 -0.000001 1.000000
1.000000 0.000000 -0.000000 0.000000
0.000000 1.000000 -0.000000 0.000000
-0.000000 -0.000000 1.000000 -0.000000
0.000000 0.000000 -0.000000 1.000000
BoneName: mixamorig:LeftHand_$AssimpFbx$_Translation
BoneIndex: 21
ParentIndex: 20
BoneChildCount: 1
22
1.000000 0.000000 0.000000 0.000000
0.000000 1.000000 0.000000 0.000000
0.000000 0.000000 1.000000 0.000000
0.000000 0.000000 0.000000 1.000000
1.000000 0.000000 -0.000000 0.000000
0.000000 1.000000 -0.000000 0.000000
-0.000000 -0.000000 1.000000 -0.000000
-0.000000 0.000000 0.000000 1.000000
BoneName: mixamorig:LeftHand_$AssimpFbx$_PreRotation
BoneIndex: 22
ParentIndex: 21
BoneChildCount: 1
23
1.000000 0.000000 0.000000 0.000000
0.000000 1.000000 0.000000 0.000000
0.000000 0.000000 1.000000 0.000000
0.000000 0.000000 0.000000 1.000000
0.993262 -0.115615 -0.008001 0.000000
0.112076 0.975841 -0.187545 0.000000
0.029490 0.185385 0.982223 -0.000000
0.000000 0.000000 -0.000000 1.000000
BoneName: mixamorig:LeftHand
BoneIndex: 23
ParentIndex: 22
BoneChildCount: 5
24
34
44
54
64
-0.059156 0.984342 0.166045 0.000000
-0.134023 -0.172662 0.975820 0.000000
0.989211 0.035472 0.142139 -0.000000
0.000000 -0.000000 -0.000001 1.000000
1.000000 0.000000 -0.000000 0.000000
0.000000 1.000000 -0.000000 0.000000
-0.000000 -0.000000 1.000000 -0.000000
0.000000 0.000000 -0.000000 1.000000
BoneName: mixamorig:LeftHandThumb1_$AssimpFbx$_Translation
BoneIndex: 24
ParentIndex: 23
BoneChildCount: 1
25
1.000000 0.000000 0.000000 0.000000
0.000000 1.000000 0.000000 0.000000
0.000000 0.000000 1.000000 0.000000
0.000000 0.000000 0.000000 1.000000
1.000000 0.000000 -0.000000 0.000000
0.000000 1.000000 -0.000000 0.000000
-0.000000 -0.000000 1.000000 -0.000000
-0.000000 0.000000 -0.000000 1.000000
BoneName: mixamorig:LeftHandThumb1_$AssimpFbx$_PreRotation
BoneIndex: 25
ParentIndex: 24
BoneChildCount: 1
26
1.000000 0.000000 0.000000 0.000000
0.000000 1.000000 0.000000 0.000000
0.000000 0.000000 1.000000 0.000000
0.000000 0.000000 0.000000 1.000000
0.800823 0.598901 -0.000000 0.000000
-0.552835 0.739226 -0.384601 0.000000
-0.230338 0.307997 0.923083 -0.000000
0.000000 0.000000 -0.000000 1.000000
BoneName: mixamorig:LeftHandThumb1
BoneIndex: 26
ParentIndex: 25
BoneChildCount: 1
27
0.542149 0.696494 0.470074 0.000000
-0.210737 -0.428845 0.878454 0.000000
0.813427 -0.575315 -0.085721 -0.000000
-0.000000 0.000000 -0.000002 1.000000
1.000000 0.000000 -0.000000 0.000000
0.000000 1.000000 -0.000000 0.000000
-0.000000 -0.000000 1.000000 -0.000000
0.000000 0.000000 -0.000000 1.000000
BoneName: mixamorig:LeftHandThumb2_$AssimpFbx$_Translation
BoneIndex: 27
ParentIndex: 26
BoneChildCount: 1
28
1.000000 0.000000 0.000000 0.000000
0.000000 1.000000 0.000000 0.000000
0.000000 0.000000 1.000000 0.000000
0.000000 0.000000 0.000000 1.000000
1.000000 0.000000 -0.000000 0.000000
0.000000 1.000000 -0.000000 0.000000
-0.000000 -0.000000 1.000000 -0.000000
-0.000000 0.000000 -0.000000 1.000000
BoneName: mixamorig:LeftHandThumb2_$AssimpFbx$_PreRotation
BoneIndex: 28
ParentIndex: 27
BoneChildCount: 1
29
1.000000 0.000000 0.000000 0.000000
0.000000 1.000000 0.000000 0.000000
0.000000 0.000000 1.000000 0.000000
0.000000 0.000000 0.000000 1.000000
1.000000 0.000000 -0.000000 0.000000
0.000000 0.998564 -0.053563 0.000000
-0.000000 0.053563 0.998564 -0.000000
0.000000 0.000000 -0.000000 1.000000
BoneName: mixamorig:LeftHandThumb2
BoneIndex: 29
ParentIndex: 28
BoneChildCount: 1
30
0.542149 0.670316 0.506706 0.000000
-0.210737 -0.475282 0.854223 0.000000
0.813427 -0.569898 -0.116414 -0.000000
-0.000000 0.000000 -0.000002 1.000000
1.000000 0.000000 -0.000000 0.000000
0.000000 1.000000 -0.000000 0.000000
-0.000000 -0.000000 1.000000 -0.000000
0.000000 0.000000 -0.000000 1.000000
BoneName: mixamorig:LeftHandThumb3_$AssimpFbx$_Translation
BoneIndex: 30
ParentIndex: 29
BoneChildCount: 1
31
1.000000 0.000000 0.000000 0.000000
0.000000 1.000000 0.000000 0.000000
0.000000 0.000000 1.000000 0.000000
0.000000 0.000000 0.000000 1.000000
1.000000 0.000000 -0.000000 0.000000
0.000000 1.000000 -0.000000 0.000000
-0.000000 -0.000000 1.000000 -0.000000
0.000000 0.000000 -0.000000 1.000000
BoneName: mixamorig:LeftHandThumb3_$AssimpFbx$_PreRotation
BoneIndex: 31
ParentIndex: 30
BoneChildCount: 1
32
1.000000 0.000000 0.000000 0.000000
0.000000 1.000000 0.000000 0.000000
0.000000 0.000000 1.000000 0.000000
0.000000 0.000000 0.000000 1.000000
1.000000 0.000000 -0.000000 0.000000
0.000000 0.999398 -0.034707 0.000000
-0.000000 0.034707 0.999398 -0.000000
0.000000 0.000000 -0.000000 1.000000
BoneName: mixamorig:LeftHandThumb3
BoneIndex: 32
ParentIndex: 31
BoneChildCount: 1
33
0.542149 0.652326 0.529665 0.000000
-0.210737 -0.504643 0.837213 0.000000
0.813427 -0.565514 -0.136123 -0.000000
-0.000000 0.000000 -0.000002 1.000000
1.000000 0.000000 -0.000000 0.000000
0.000000 1.000000 -0.000000 0.000000
-0.000000 -0.000000 1.000000 -0.000000
0.000000 0.000000 -0.000000 1.000000
BoneName: mixamorig:LeftHandThumb4
BoneIndex: 33
ParentIndex: 32
BoneChildCount: 0
1.000000 0.000000 0.000000 0.000000
0.000000 1.000000 0.000000 0.000000
0.000000 0.000000 1.000000 0.000000
0.000000 0.000000 0.000000 1.000000
1.000000 0.000000 -0.000000 0.000000
0.000000 1.000000 -0.000000 0.000000
-0.000000 -0.000000 1.000000 -0.000000
-0.000000 0.000000 -0.000000 1.000000
BoneName: mixamorig:LeftHandIndex1_$AssimpFbx$_Translation
BoneIndex: 34
ParentIndex: 23
BoneChildCount: 1
35
1.000000 0.000000 0.000000 0.000000
0.000000 1.000000 0.000000 0.000000
0.000000 0.000000 1.000000 0.000000
0.000000 0.000000 0.000000 1.000000
1.000000 0.000000 -0.000000 0.000000
0.000000 1.000000 -0.000000 0.000000
-0.000000 -0.000000 1.000000 -0.000000
-0.000000 0.000000 -0.000000 1.000000
BoneName: mixamorig:LeftHandIndex1_$AssimpFbx$_PreRotation
BoneIndex: 35
ParentIndex: 34
BoneChildCount: 1
36
1.000000 0.000000 0.000000 0.000000
0.000000 1.000000 0.000000 0.000000
0.000000 0.000000 1.000000 0.000000
0.000000 0.000000 0.000000 1.000000
0.992184 0.124782 -0.000000 0.000000
-0.123699 0.983572 -0.131469 0.000000
-0.016405 0.130441 0.991320 -0.000000
0.000000 0.000000 -0.000000 1.000000
BoneName: mixamorig:LeftHandIndex1
BoneIndex: 36
ParentIndex: 35
BoneChildCount: 1
37
0.064134 0.953659 0.293974 0.000000
-0.154521 -0.281538 0.947027 0.000000
0.985906 -0.106162 0.129304 -0.000000
0.000000 -0.000000 -0.000002 1.000000
1.000000 0.000000 -0.000000 0.000000
0.000000 1.000000 -0.000000 0.000000
-0.000000 -0.000000 1.000000 -0.000000
0.000000 0.000000 -0.000000 1.000000
BoneName: mixamorig:LeftHandIndex2_$AssimpFbx$_Translation
BoneIndex: 37
ParentIndex: 36
BoneChildCount: 1
38
1.000000 0.000000 0.000000 0.000000
0.000000 1.000000 0.000000 0.000000
0.000000 0.000000 1.000000 0.000000
0.000000 0.000000 0.000000 1.000000
1.000000 0.000000 -0.000000 0.000000
0.000000 1.000000 -0.000000 0.000000
-0.000000 -0.000000 1.000000 -0.000000
-0.000000 0.000000 -0.000000 1.000000
BoneName: mixamorig:LeftHandIndex2_$AssimpFbx$_PreRotation
BoneIndex: 38
ParentIndex: 37
BoneChildCount: 1
39
1.000000 0.000000 0.000000 0.000000
0.000000 1.000000 0.000000 0.000000
0.000000 0.000000 1.000000 0.000000
0.000000 0.000000 0.000000 1.000000
1.000000 0.000000 -0.000000 0.000000
0.000000 0.999404 -0.034513 0.000000
-0.000000 0.034513 0.999404 -0.000000
0.000000 0.000000 -0.000000 1.000000
BoneName: mixamorig:LeftHandIndex2
BoneIndex: 39
ParentIndex: 38
BoneChildCount: 1
40
0.064134 0.942945 0.326712 0.000000
-0.154521 -0.314054 0.936746 0.000000
0.985906 -0.110561 0.125563 -0.000000
0.000000 -0.000000 -0.000002 1.000000
1.000000 0.000000 -0.000000 0.000000
0.000000 1.000000 -0.000000 0.000000
-0.000000 -0.000000 1.000000 -0.000000
0.000000 0.000000 -0.000000 1.000000
BoneName: mixamorig:LeftHandIndex3_$AssimpFbx$_Translation
BoneIndex: 40
ParentIndex: 39
BoneChildCount: 1
41
1.000000 0.000000 0.000000 0.000000
0.000000 1.000000 0.000000 0.000000
0.000000 0.000000 1.000000 0.000000
0.000000 0.000000 0.000000 1.000000
1.000000 0.000000 -0.000000 0.000000
0.000000 1.000000 -0.000000 0.000000
-0.000000 -0.000000 1.000000 -0.000000
0.000000 0.000000 0.000000 1.000000
BoneName: mixamorig:LeftHandIndex3_$AssimpFbx$_PreRotation
BoneIndex: 41
ParentIndex: 40
BoneChildCount: 1
42
1.000000 0.000000 0.000000 0.000000
0.000000 1.000000 0.000000 0.000000
0.000000 0.000000 1.000000 0.000000
0.000000 0.000000 0.000000 1.000000
1.000000 0.000000 -0.000000 0.000000
0.000000 0.999575 -0.029159 0.000000
-0.000000 0.029159 0.999575 -0.000000
0.000000 0.000000 -0.000000 1.000000
BoneName: mixamorig:LeftHandIndex3
BoneIndex: 42
ParentIndex: 41
BoneChildCount: 1
43
0.064134 0.933018 0.354068 0.000000
-0.154521 -0.341235 0.927190 0.000000
0.985906 -0.114175 0.122286 -0.000000
0.000000 -0.000000 -0.000002 1.000000
1.000000 0.000000 -0.000000 0.000000
0.000000 1.000000 -0.000000 0.000000
-0.000000 -0.000000 1.000000 -0.000000
0.000000 0.000000 -0.000000 1.000000
BoneName: mixamorig:LeftHandIndex4
BoneIndex: 43
ParentIndex: 42
BoneChildCount: 0
1.000000 0.000000 0.000000 0.000000
0.000000 1.000000 0.000000 0.000000
0.000000 0.000000 1.000000 0.000000
0.000000 0.000000 0.000000 1.000000
1.000000 0.000000 -0.000000 0.000000
0.000000 1.000000 -0.000000 0.000000
-0.000000 -0.000000 1.000000 -0.000000
0.000000 0.000000 -0.000000 1.000000
BoneName: mixamorig:LeftHandMiddle1_$AssimpFbx$_Translation
BoneIndex: 44
ParentIndex: 23
BoneChildCount: 1
45
1.000000 0.000000 0.000000 0.000000
0.000000 1.000000 0.000000 0.000000
0.000000 0.000000 1.000000 0.000000
0.000000 0.000000 0.000000 1.000000
1.000000 0.000000 -0.000000 0.000000
0.000000 1.000000 -0.000000 0.000000
-0.000000 -0.000000 1.000000 -0.000000
-0.000000 0.000000 0.000000 1.000000
BoneName: mixamorig:LeftHandMiddle1_$AssimpFbx$_PreRotation
BoneIndex: 45
ParentIndex: 44
BoneChildCount: 1
46
1.000000 0.000000 0.000000 0.000000
0.000000 1.000000 0.000000 0.000000
0.000000 0.000000 1.000000 0.000000
0.000000 0.000000 0.000000 1.000000
0.998758 0.049825 -0.000000 0.000000
-0.049748 0.997203 -0.055784 0.000000
-0.002779 0.055715 0.998443 -0.000000
0.000000 0.000000 -0.000000 1.000000
BoneName: mixamorig:LeftHandMiddle1
BoneIndex: 46
ParentIndex: 45
BoneChildCount: 1
47
-0.010038 0.975269 0.220794 0.000000
-0.142460 -0.219948 0.965053 0.000000
0.989750 -0.021767 0.141144 -0.000000
0.000000 -0.000000 -0.000002 1.000000
1.000000 0.000000 -0.000000 0.000000
0.000000 1.000000 -0.000000 0.000000
-0.000000 -0.000000 1.000000 -0.000000
0.000000 0.000000 -0.000000 1.000000
BoneName: mixamorig:LeftHandMiddle2_$AssimpFbx$_Translation
BoneIndex: 47
ParentIndex: 46
BoneChildCount: 1
48
1.000000 0.000000 0.000000 0.000000
0.000000 1.000000 0.000000 0.000000
0.000000 0.000000 1.000000 0.000000
0.000000 0.000000 0.000000 1.000000
1.000000 0.000000 -0.000000 0.000000
0.000000 1.000000 -0.000000 0.000000
-0.000000 -0.000000 1.000000 -0.000000
-0.000000 0.000000 -0.000000 1.000000
BoneName: mixamorig:LeftHandMiddle2_$AssimpFbx$_PreRotation
BoneIndex: 48
ParentIndex: 47
BoneChildCount: 1
49
1.000000 0.000000 0.000000 0.000000
0.000000 1.000000 0.000000 0.000000
0.000000 0.000000 1.000000 0.000000
0.000000 0.000000 0.000000 1.000000
1.000000 0.000000 -0.000000 0.000000
0.000000 0.999765 -0.021663 0.000000
-0.000000 0.021663 0.999765 -0.000000
0.000000 0.000000 -0.000000 1.000000
BoneName: mixamorig:LeftHandMiddle2
BoneIndex: 49
ParentIndex: 48
BoneChildCount: 1
50
-0.010038 0.970257 0.241869 0.000000
-0.142460 -0.240802 0.960062 0.000000
0.989750 -0.024820 0.140640 -0.000000
0.000000 -0.000000 -0.000002 1.000000
1.000000 0.000000 -0.000000 0.000000
0.000000 1.000000 -0.000000 0.000000
-0.000000 -0.000000 1.000000 -0.000000
0.000000 0.000000 -0.000000 1.000000
BoneName: mixamorig:LeftHandMiddle3_$AssimpFbx$_Translation
BoneIndex: 50
ParentIndex: 49
BoneChildCount: 1
51
1.000000 0.000000 0.000000 0.000000
0.000000 1.000000 0.000000 0.000000
0.000000 0.000000 1.000000 0.000000
0.000000 0.000000 0.000000 1.000000
1.000000 0.000000 -0.000000 0.000000
0.000000 1.000000 -0.000000 0.000000
-0.000000 -0.000000 1.000000 -0.000000
0.000000 0.000000 0.000000 1.000000
BoneName: mixamorig:LeftHandMiddle3_$AssimpFbx$_PreRotation
BoneIndex: 51
ParentIndex: 50
BoneChildCount: 1
52
1.000000 0.000000 0.000000 0.000000
0.000000 1.000000 0.000000 0.000000
0.000000 0.000000 1.000000 0.000000
0.000000 0.000000 0.000000 1.000000
1.000000 0.000000 -0.000000 0.000000
0.000000 0.999669 0.025723 0.000000
-0.000000 -0.025723 0.999669 -0.000000
0.000000 0.000000 -0.000000 1.000000
BoneName: mixamorig:LeftHandMiddle3
BoneIndex: 52
ParentIndex: 51
BoneChildCount: 1
53
-0.010038 0.976157 0.216831 0.000000
-0.142460 -0.216026 0.965939 0.000000
0.989750 -0.021194 0.141232 -0.000000
0.000000 -0.000000 -0.000002 1.000000
1.000000 0.000000 -0.000000 0.000000
0.000000 1.000000 -0.000000 0.000000
-0.000000 -0.000000 1.000000 -0.000000
0.000000 0.000000 -0.000000 1.000000
BoneName: mixamorig:LeftHandMiddle4
BoneIndex: 53
ParentIndex: 52
BoneChildCount: 0
1.000000 0.000000 0.000000 0.000000
0.000000 1.000000 0.000000 0.000000
0.000000 0.000000 1.000000 0.000000
0.000000 0.000000 0.000000 1.000000
1.000000 0.000000 -0.000000 0.000000
0.000000 1.000000 -0.000000 0.000000
-0.000000 -0.000000 1.000000 -0.000000
-0.000000 0.000000 -0.000000 1.000000
BoneName: mixamorig:LeftHandRing1_$AssimpFbx$_Translation
BoneIndex: 54
ParentIndex: 23
BoneChildCount: 1
55
1.000000 0.000000 0.000000 0.000000
0.000000 1.000000 0.000000 0.000000
0.000000 0.000000 1.000000 0.000000
0.000000 0.000000 0.000000 1.000000
1.000000 0.000000 -0.000000 0.000000
0.000000 1.000000 -0.000000 0.000000
-0.000000 -0.000000 1.000000 -0.000000
0.000000 0.000000 0.000000 1.000000
BoneName: mixamorig:LeftHandRing1_$AssimpFbx$_PreRotation
BoneIndex: 55
ParentIndex: 54
BoneChildCount: 1
56
1.000000 0.000000 0.000000 0.000000
0.000000 1.000000 0.000000 0.000000
0.000000 0.000000 1.000000 0.000000
0.000000 0.000000 0.000000 1.000000
0.999485 -0.032073 -0.000000 0.000000
0.032072 0.999457 0.007547 0.000000
-0.000242 -0.007543 0.999972 -0.000000
0.000000 0.000000 -0.000000 1.000000
BoneName: mixamorig:LeftHandRing1
BoneIndex: 56
ParentIndex: 55
BoneChildCount: 1
57
-0.090697 0.983164 0.158630 0.000000
-0.128416 -0.169503 0.977127 0.000000
0.987564 0.068252 0.141628 -0.000000
0.000000 -0.000001 -0.000001 1.000000
1.000000 0.000000 -0.000000 0.000000
0.000000 1.000000 -0.000000 0.000000
-0.000000 -0.000000 1.000000 -0.000000
0.000000 0.000000 -0.000000 1.000000
BoneName: mixamorig:LeftHandRing2_$AssimpFbx$_Translation
BoneIndex: 57
ParentIndex: 56
BoneChildCount: 1
58
1.000000 0.000000 0.000000 0.000000
0.000000 1.000000 0.000000 0.000000
0.000000 0.000000 1.000000 0.000000
0.000000 0.000000 0.000000 1.000000
1.000000 0.000000 -0.000000 0.000000
0.000000 1.000000 -0.000000 0.000000
-0.000000 -0.000000 1.000000 -0.000000
-0.000000 0.000000 -0.000000 1.000000
BoneName: mixamorig:LeftHandRing2_$AssimpFbx$_PreRotation
BoneIndex: 58
ParentIndex: 57
BoneChildCount: 1
59
1.000000 0.000000 0.000000 0.000000
0.000000 1.000000 0.000000 0.000000
0.000000 0.000000 1.000000 0.000000
0.000000 0.000000 0.000000 1.000000
1.000000 0.000000 -0.000000 0.000000
0.000000 0.997368 -0.072505 0.000000
-0.000000 0.072505 0.997368 -0.000000
0.000000 0.000000 -0.000000 1.000000
BoneName: mixamorig:LeftHandRing2
BoneIndex: 59
ParentIndex: 58
BoneChildCount: 1
60
-0.090697 0.969074 0.229497 0.000000
-0.128416 -0.239903 0.962266 0.000000
0.987564 0.057804 0.146204 -0.000000
0.000000 -0.000000 -0.000002 1.000000
1.000000 0.000000 -0.000000 0.000000
0.000000 1.000000 -0.000000 0.000000
-0.000000 -0.000000 1.000000 -0.000000
0.000000 0.000000 -0.000000 1.000000
BoneName: mixamorig:LeftHandRing3_$AssimpFbx$_Translation
BoneIndex: 60
ParentIndex: 59
BoneChildCount: 1
61
1.000000 0.000000 0.000000 0.000000
0.000000 1.000000 0.000000 0.000000
0.000000 0.000000 1.000000 0.000000
0.000000 0.000000 0.000000 1.000000
1.000000 0.000000 -0.000000 0.000000
0.000000 1.000000 -0.000000 0.000000
-0.000000 -0.000000 1.000000 -0.000000
0.000000 0.000000 -0.000000 1.000000
BoneName: mixamorig:LeftHandRing3_$AssimpFbx$_PreRotation
BoneIndex: 61
ParentIndex: 60
BoneChildCount: 1
62
1.000000 0.000000 0.000000 0.000000
0.000000 1.000000 0.000000 0.000000
0.000000 0.000000 1.000000 0.000000
0.000000 0.000000 0.000000 1.000000
1.000000 0.000000 -0.000000 0.000000
0.000000 1.000000 0.000645 0.000000
-0.000000 -0.000645 1.000000 -0.000000
0.000000 0.000000 -0.000000 1.000000
BoneName: mixamorig:LeftHandRing3
BoneIndex: 62
ParentIndex: 61
BoneChildCount: 1
63
-0.090697 0.969222 0.228872 0.000000
-0.128416 -0.239282 0.962420 0.000000
0.987564 0.057898 0.146166 -0.000000
0.000000 -0.000000 -0.000002 1.000000
1.000000 0.000000 -0.000000 0.000000
0.000000 1.000000 -0.000000 0.000000
-0.000000 -0.000000 1.000000 -0.000000
0.000000 0.000000 -0.000000 1.000000
BoneName: mixamorig:LeftHandRing4
BoneIndex: 63
ParentIndex: 62
BoneChildCount: 0
1.000000 0.000000 0.000000 0.000000
0.000000 1.000000 0.000000 0.000000
0.000000 0.000000 1.000000 0.000000
0.000000 0.000000 0.000000 1.000000
1.000000 0.000000 -0.000000 0.000000
0.000000 1.000000 -0.000000 0.000000
-0.000000 -0.000000 1.000000 -0.000000
0.000000 0.000000 0.000000 1.000000
BoneName: mixamorig:LeftHandPinky1_$AssimpFbx$_Translation
BoneIndex: 64
ParentIndex: 23
BoneChildCount: 1
65
1.000000 0.000000 0.000000 0.000000
0.000000 1.000000 0.000000 0.000000
0.000000 0.000000 1.000000 0.000000
0.000000 0.000000 0.000000 1.000000
1.000000 0.000000 -0.000000 0.000000
0.000000 1.000000 -0.000000 0.000000
-0.000000 -0.000000 1.000000 -0.000000
0.000000 0.000000 -0.000000 1.000000
BoneName: mixamorig:LeftHandPinky1_$AssimpFbx$_PreRotation
BoneIndex: 65
ParentIndex: 64
BoneChildCount: 1
66
1.000000 0.000000 0.000000 0.000000
0.000000 1.000000 0.000000 0.000000
0.000000 0.000000 1.000000 0.000000
0.000000 0.000000 0.000000 1.000000
0.989227 -0.146391 -0.000000 0.000000
0.146351 0.988953 0.023527 0.000000
-0.003444 -0.023273 0.999723 -0.000000
0.000000 0.000000 -0.000000 1.000000
BoneName: mixamorig:LeftHandPinky1
BoneIndex: 66
ParentIndex: 65
BoneChildCount: 1
67
-0.202618 0.968717 0.143295 0.000000
-0.107303 -0.167412 0.980030 0.000000
0.973361 0.183196 0.137867 -0.000000
0.000000 -0.000000 -0.000001 1.000000
1.000000 0.000000 -0.000000 0.000000
0.000000 1.000000 -0.000000 0.000000
-0.000000 -0.000000 1.000000 -0.000000
0.000000 0.000000 -0.000000 1.000000
BoneName: mixamorig:LeftHandPinky2_$AssimpFbx$_Translation
BoneIndex: 67
ParentIndex: 66
BoneChildCount: 1
68
1.000000 0.000000 0.000000 0.000000
0.000000 1.000000 0.000000 0.000000
0.000000 0.000000 1.000000 0.000000
0.000000 0.000000 0.000000 1.000000
1.000000 0.000000 -0.000000 0.000000
0.000000 1.000000 -0.000000 0.000000
-0.000000 -0.000000 1.000000 -0.000000
-0.000000 0.000000 0.000000 1.000000
BoneName: mixamorig:LeftHandPinky2_$AssimpFbx$_PreRotation
BoneIndex: 68
ParentIndex: 67
BoneChildCount: 1
69
1.000000 0.000000 0.000000 0.000000
0.000000 1.000000 0.000000 0.000000
0.000000 0.000000 1.000000 0.000000
0.000000 0.000000 0.000000 1.000000
1.000000 0.000000 -0.000000 0.000000
0.000000 0.999920 -0.012654 0.000000
-0.000000 0.012654 0.999920 -0.000000
0.000000 0.000000 -0.000000 1.000000
BoneName: mixamorig:LeftHandPinky2
BoneIndex: 69
ParentIndex: 68
BoneChildCount: 1
70
-0.202618 0.966826 0.155541 0.000000
-0.107303 -0.179799 0.977833 0.000000
0.973361 0.181437 0.140174 -0.000000
0.000000 -0.000001 -0.000001 1.000000
1.000000 0.000000 -0.000000 0.000000
0.000000 1.000000 -0.000000 0.000000
-0.000000 -0.000000 1.000000 -0.000000
0.000000 0.000000 -0.000000 1.000000
BoneName: mixamorig:LeftHandPinky3_$AssimpFbx$_Translation
BoneIndex: 70
ParentIndex: 69
BoneChildCount: 1
71
1.000000 0.000000 0.000000 0.000000
0.000000 1.000000 0.000000 0.000000
0.000000 0.000000 1.000000 0.000000
0.000000 0.000000 0.000000 1.000000
1.000000 0.000000 -0.000000 0.000000
0.000000 1.000000 -0.000000 0.000000
-0.000000 -0.000000 1.000000 -0.000000
-0.000000 0.000000 0.000000 1.000000
BoneName: mixamorig:LeftHandPinky3_$AssimpFbx$_PreRotation
BoneIndex: 71
ParentIndex: 70
BoneChildCount: 1
72
1.000000 0.000000 0.000000 0.000000
0.000000 1.000000 0.000000 0.000000
0.000000 0.000000 1.000000 0.000000
0.000000 0.000000 0.000000 1.000000
1.000000 0.000000 -0.000000 0.000000
0.000000 0.995017 -0.099701 0.000000
-0.000000 0.099701 0.995017 -0.000000
0.000000 0.000000 -0.000000 1.000000
BoneName: mixamorig:LeftHandPinky3
BoneIndex: 72
ParentIndex: 71
BoneChildCount: 1
73
-0.202618 0.946501 0.251160 0.000000
-0.107303 -0.276395 0.955035 0.000000
0.973361 0.166557 0.157565 -0.000000
0.000000 -0.000000 -0.000002 1.000000
1.000000 0.000000 -0.000000 0.000000
0.000000 1.000000 -0.000000 0.000000
-0.000000 -0.000000 1.000000 -0.000000
0.000000 0.000000 -0.000000 1.000000
BoneName: mixamorig:LeftHandPinky4
BoneIndex: 73
ParentIndex: 72
BoneChildCount: 0
1.000000 0.000000 0.000000 0.000000
0.000000 1.000000 0.000000 0.000000
0.000000 0.000000 1.000000 0.000000
0.000000 0.000000 0.000000 1.000000
1.000000 0.000000 -0.000000 0.000000
0.000000 1.000000 -0.000000 0.000000
-0.000000 -0.000000 1.000000 -0.000000
0.000000 0.000000 -0.000000 1.000000
BoneName: mixamorig:RightShoulder_$AssimpFbx$_Translation
BoneIndex: 74
ParentIndex: 6
BoneChildCount: 1
75
1.000000 0.000000 0.000000 0.000000
0.000000 1.000000 0.000000 0.000000
0.000000 0.000000 1.000000 0.000000
0.000000 0.000000 0.000000 1.000000
1.000000 0.000000 -0.000000 0.000000
0.000000 1.000000 -0.000000 0.000000
-0.000000 -0.000000 1.000000 -0.000000
-0.000000 0.000000 0.000000 1.000000
BoneName: mixamorig:RightShoulder_$AssimpFbx$_PreRotation
BoneIndex: 75
ParentIndex: 74
BoneChildCount: 1
76
1.000000 0.000000 0.000000 0.000000
0.000000 1.000000 0.000000 0.000000
0.000000 0.000000 1.000000 0.000000
0.000000 0.000000 0.000000 1.000000
-0.035239 -0.000147 -0.999379 0.000000
-0.952868 -0.301513 0.033643 0.000000
-0.301331 0.953462 0.010485 -0.000000
0.000000 0.000000 -0.000000 1.000000
BoneName: mixamorig:RightShoulder
BoneIndex: 76
ParentIndex: 75
BoneChildCount: 1
77
-0.035239 -0.952868 -0.301331 0.000000
0.115379 -0.303381 0.945858 0.000000
-0.992696 -0.001437 0.120632 -0.000000
-0.111370 0.386019 -1.406832 1.000000
1.000000 0.000000 -0.000000 0.000000
0.000000 1.000000 -0.000000 0.000000
-0.000000 -0.000000 1.000000 -0.000000
0.000000 0.000000 -0.000000 1.000000
BoneName: mixamorig:RightArm_$AssimpFbx$_Translation
BoneIndex: 77
ParentIndex: 76
BoneChildCount: 1
78
1.000000 0.000000 0.000000 0.000000
0.000000 1.000000 0.000000 0.000000
0.000000 0.000000 1.000000 0.000000
0.000000 0.000000 0.000000 1.000000
1.000000 0.000000 -0.000000 0.000000
0.000000 1.000000 -0.000000 0.000000
-0.000000 -0.000000 1.000000 -0.000000
-0.000000 0.000000 -0.000000 1.000000
BoneName: mixamorig:RightArm_$AssimpFbx$_PreRotation
BoneIndex: 78
ParentIndex: 77
BoneChildCount: 1
79
1.000000 0.000000 0.000000 0.000000
0.000000 1.000000 0.000000 0.000000
0.000000 0.000000 1.000000 0.000000
0.000000 0.000000 0.000000 1.000000
0.999823 0.018823 -0.000000 0.000000
-0.018414 0.978104 0.207299 0.000000
0.003902 -0.207262 0.978278 -0.000000
0.000000 0.000000 -0.000000 1.000000
BoneName: mixamorig:RightArm
BoneIndex: 79
ParentIndex: 78
BoneChildCount: 1
80
-0.053168 -0.993821 -0.097429 0.000000
0.109648 -0.102788 0.988642 0.000000
-0.992547 0.041881 0.114436 -0.000000
-0.000000 -0.000000 -0.000001 1.000000
1.000000 0.000000 -0.000000 0.000000
0.000000 1.000000 -0.000000 0.000000
-0.000000 -0.000000 1.000000 -0.000000
0.000000 0.000000 -0.000000 1.000000
BoneName: mixamorig:RightForeArm_$AssimpFbx$_Translation
BoneIndex: 80
ParentIndex: 79
BoneChildCount: 1
81
1.000000 0.000000 0.000000 0.000000
0.000000 1.000000 0.000000 0.000000
0.000000 0.000000 1.000000 0.000000
0.000000 0.000000 0.000000 1.000000
1.000000 0.000000 -0.000000 0.000000
0.000000 1.000000 -0.000000 0.000000
-0.000000 -0.000000 1.000000 -0.000000
0.000000 0.000000 0.000000 1.000000
BoneName: mixamorig:RightForeArm_$AssimpFbx$_PreRotation
BoneIndex: 81
ParentIndex: 80
BoneChildCount: 1
82
1.000000 0.000000 0.000000 0.000000
0.000000 1.000000 0.000000 0.000000
0.000000 0.000000 1.000000 0.000000
0.000000 0.000000 0.000000 1.000000
0.993064 -0.117576 -0.000000 0.000000
0.116758 0.986150 0.117794 0.000000
-0.013850 -0.116977 0.993038 -0.000000
0.000000 0.000000 -0.000000 1.000000
BoneName: mixamorig:RightForeArm
BoneIndex: 82
ParentIndex: 81
BoneChildCount: 1
83
0.064050 -0.997741 0.020239 0.000000
0.120973 0.027894 0.992264 0.000000
-0.990587 -0.061107 0.122487 -0.000000
-0.000000 -0.000000 -0.000001 1.000000
1.000000 0.000000 -0.000000 0.000000
0.000000 1.000000 -0.000000 0.000000
-0.000000 -0.000000 1.000000 -0.000000
0.000000 0.000000 -0.000000 1.000000
BoneName: mixamorig:RightHand_$AssimpFbx$_Translation
BoneIndex: 83
ParentIndex: 82
BoneChildCount: 1
84
1.000000 0.000000 0.000000 0.000000
0.000000 1.000000 0.000000 0.000000
0.000000 0.000000 1.000000 0.000000
0.000000 0.000000 0.000000 1.000000
1.000000 0.000000 -0.000000 0.000000
0.000000 1.000000 -0.000000 0.000000
-0.000000 -0.000000 1.000000 -0.000000
0.000000 0.000000 -0.000000 1.000000
BoneName: mixamorig:RightHand_$AssimpFbx$_PreRotation
BoneIndex: 84
ParentIndex: 83
BoneChildCount: 1
85
1.000000 0.000000 0.000000 0.000000
0.000000 1.000000 0.000000 0.000000
0.000000 0.000000 1.000000 0.000000
0.000000 0.000000 0.000000 1.000000
0.992409 0.118677 0.032251 0.000000
-0.110393 0.975227 -0.191690 0.000000
-0.054201 0.186674 0.980926 -0.000000
0.000000 0.000000 -0.000000 1.000000
BoneName: mixamorig:RightHand
BoneIndex: 85
ParentIndex: 84
BoneChildCount: 5
86
96
106
116
126
-0.054192 -0.983975 -0.169871 0.000000
0.155366 -0.176358 0.971987 0.000000
-0.986369 0.026282 0.162434 -0.000000
-0.000000 -0.000000 -0.000001 1.000000
1.000000 0.000000 -0.000000 0.000000
0.000000 1.000000 -0.000000 0.000000
-0.000000 -0.000000 1.000000 -0.000000
0.000000 0.000000 -0.000000 1.000000
BoneName: mixamorig:RightHandThumb1_$AssimpFbx$_Translation
BoneIndex: 86
ParentIndex: 85
BoneChildCount: 1
87
1.000000 0.000000 0.000000 0.000000
0.000000 1.000000 0.000000 0.000000
0.000000 0.000000 1.000000 0.000000
0.000000 0.000000 0.000000 1.000000
1.000000 0.000000 -0.000000 0.000000
0.000000 1.000000 -0.000000 0.000000
-0.000000 -0.000000 1.000000 -0.000000
0.000000 0.000000 -0.000000 1.000000
BoneName: mixamorig:RightHandThumb1_$AssimpFbx$_PreRotation
BoneIndex: 87
ParentIndex: 86
BoneChildCount: 1
88
1.000000 0.000000 0.000000 0.000000
0.000000 1.000000 0.000000 0.000000
0.000000 0.000000 1.000000 0.000000
0.000000 0.000000 0.000000 1.000000
0.832197 -0.554481 -0.000000 0.000000
0.510046 0.765507 -0.392240 0.000000
0.217489 0.326421 0.919863 -0.000000
0.000000 0.000000 -0.000000 1.000000
BoneName: mixamorig:RightHandThumb1
BoneIndex: 88
ParentIndex: 87
BoneChildCount: 1
89
0.500497 -0.714250 -0.489234 0.000000
0.227083 -0.437011 0.870319 0.000000
-0.835426 -0.546688 -0.056529 -0.000000
0.000000 0.000000 -0.000002 1.000000
1.000000 0.000000 -0.000000 0.000000
0.000000 1.000000 -0.000000 0.000000
-0.000000 -0.000000 1.000000 -0.000000
0.000000 0.000000 -0.000000 1.000000
BoneName: mixamorig:RightHandThumb2_$AssimpFbx$_Translation
BoneIndex: 89
ParentIndex: 88
BoneChildCount: 1
90
1.000000 0.000000 0.000000 0.000000
0.000000 1.000000 0.000000 0.000000
0.000000 0.000000 1.000000 0.000000
0.000000 0.000000 0.000000 1.000000
1.000000 0.000000 -0.000000 0.000000
0.000000 1.000000 -0.000000 0.000000
-0.000000 -0.000000 1.000000 -0.000000
0.000000 0.000000 0.000000 1.000000
BoneName: mixamorig:RightHandThumb2_$AssimpFbx$_PreRotation
BoneIndex: 90
ParentIndex: 89
BoneChildCount: 1
91
1.000000 0.000000 0.000000 0.000000
0.000000 1.000000 0.000000 0.000000
0.000000 0.000000 1.000000 0.000000
0.000000 0.000000 0.000000 1.000000
1.000000 0.000000 -0.000000 0.000000
0.000000 0.998500 -0.054760 0.000000
-0.000000 0.054760 0.998500 -0.000000
0.000000 0.000000 -0.000000 1.000000
BoneName: mixamorig:RightHandThumb2
BoneIndex: 91
ParentIndex: 90
BoneChildCount: 1
92
0.500497 -0.686388 -0.527613 0.000000
0.227083 -0.484015 0.845082 0.000000
-0.835426 -0.542772 -0.086381 -0.000000
0.000000 0.000000 -0.000002 1.000000
1.000000 0.000000 -0.000000 0.000000
0.000000 1.000000 -0.000000 0.000000
-0.000000 -0.000000 1.000000 -0.000000
0.000000 0.000000 -0.000000 1.000000
BoneName: mixamorig:RightHandThumb3_$AssimpFbx$_Translation
BoneIndex: 92
ParentIndex: 91
BoneChildCount: 1
93
1.000000 0.000000 0.000000 0.000000
0.000000 1.000000 0.000000 0.000000
0.000000 0.000000 1.000000 0.000000
0.000000 0.000000 0.000000 1.000000
1.000000 0.000000 -0.000000 0.000000
0.000000 1.000000 -0.000000 0.000000
-0.000000 -0.000000 1.000000 -0.000000
-0.000000 0.000000 -0.000000 1.000000
BoneName: mixamorig:RightHandThumb3_$AssimpFbx$_PreRotation
BoneIndex: 93
ParentIndex: 92
BoneChildCount: 1
94
1.000000 0.000000 0.000000 0.000000
0.000000 1.000000 0.000000 0.000000
0.000000 0.000000 1.000000 0.000000
0.000000 0.000000 0.000000 1.000000
1.000000 0.000000 -0.000000 0.000000
0.000000 0.999279 -0.037979 0.000000
-0.000000 0.037979 0.999279 -0.000000
0.000000 0.000000 -0.000000 1.000000
BoneName: mixamorig:RightHandThumb3
BoneIndex: 94
ParentIndex: 93
BoneChildCount: 1
95
0.500497 -0.665854 -0.553300 0.000000
0.227083 -0.515761 0.826090 0.000000
-0.835426 -0.539100 -0.106933 -0.000000
0.000000 0.000000 -0.000002 1.000000
1.000000 0.000000 -0.000000 0.000000
0.000000 1.000000 -0.000000 0.000000
-0.000000 -0.000000 1.000000 -0.000000
0.000000 0.000000 -0.000000 1.000000
BoneName: mixamorig:RightHandThumb4
BoneIndex: 95
ParentIndex: 94
BoneChildCount: 0
1.000000 0.000000 0.000000 0.000000
0.000000 1.000000 0.000000 0.000000
0.000000 0.000000 1.000000 0.000000
0.000000 0.000000 0.000000 1.000000
1.000000 0.000000 -0.000000 0.000000
0.000000 1.000000 -0.000000 0.000000
-0.000000 -0.000000 1.000000 -0.000000
-0.000000 0.000000 0.000000 1.000000
BoneName: mixamorig:RightHandIndex1_$AssimpFbx$_Translation
BoneIndex: 96
ParentIndex: 85
BoneChildCount: 1
97
1.000000 0.000000 0.000000 0.000000
0.000000 1.000000 0.000000 0.000000
0.000000 0.000000 1.000000 0.000000
0.000000 0.000000 0.000000 1.000000
1.000000 0.000000 -0.000000 0.000000
0.000000 1.000000 -0.000000 0.000000
-0.000000 -0.000000 1.000000 -0.000000
0.000000 0.000000 -0.000000 1.000000
BoneName: mixamorig:RightHandIndex1_$AssimpFbx$_PreRotation
BoneIndex: 97
ParentIndex: 96
BoneChildCount: 1
98
1.000000 0.000000 0.000000 0.000000
0.000000 1.000000 0.000000 0.000000
0.000000 0.000000 1.000000 0.000000
0.000000 0.000000 0.000000 1.000000
0.991126 -0.132923 -0.000000 0.000000
0.131569 0.981025 -0.142406 0.000000
0.018929 0.141142 0.989808 -0.000000
0.000000 0.000000 -0.000000 1.000000
BoneName: mixamorig:RightHandIndex1
BoneIndex: 98
ParentIndex: 97
BoneChildCount: 1
99
0.077082 -0.948244 -0.308046 0.000000
0.177430 -0.290988 0.940130 0.000000
-0.981110 -0.127124 0.145817 -0.000000
-0.000000 -0.000000 -0.000002 1.000000
1.000000 0.000000 -0.000000 0.000000
0.000000 1.000000 -0.000000 0.000000
-0.000000 -0.000000 1.000000 -0.000000
0.000000 0.000000 -0.000000 1.000000
BoneName: mixamorig:RightHandIndex2_$AssimpFbx$_Translation
BoneIndex: 99
ParentIndex: 98
BoneChildCount: 1
100
1.000000 0.000000 0.000000 0.000000
0.000000 1.000000 0.000000 0.000000
0.000000 0.000000 1.000000 0.000000
0.000000 0.000000 0.000000 1.000000
1.000000 0.000000 -0.000000 0.000000
0.000000 1.000000 -0.000000 0.000000
-0.000000 -0.000000 1.000000 -0.000000
-0.000000 0.000000 -0.000000 1.000000
BoneName: mixamorig:RightHandIndex2_$AssimpFbx$_PreRotation
BoneIndex: 100
ParentIndex: 99
BoneChildCount: 1
101
1.000000 0.000000 0.000000 0.000000
0.000000 1.000000 0.000000 0.000000
0.000000 0.000000 1.000000 0.000000
0.000000 0.000000 0.000000 1.000000
1.000000 0.000000 -0.000000 0.000000
0.000000 0.999295 -0.037531 0.000000
-0.000000 0.037531 0.999295 -0.000000
0.000000 0.000000 -0.000000 1.000000
BoneName: mixamorig:RightHandIndex2
BoneIndex: 101
ParentIndex: 100
BoneChildCount: 1
102
