BoneCount: 167
RootBone: 0
BoneName: RootNode
BoneIndex: 0
ParentIndex: -1
BoneChildCount: 2
1
6
1.000000 0.000000 0.000000 0.000000
0.000000 1.000000 0.000000 0.000000
0.000000 0.000000 1.000000 0.000000
0.000000 0.000000 0.000000 1.000000
1.000000 0.000000 -0.000000 0.000000
0.000000 1.000000 -0.000000 0.000000
-0.000000 -0.000000 1.000000 -0.000000
0.000000 0.000000 -0.000000 1.000000
BoneName: Ch06_$AssimpFbx$_RotationPivot
BoneIndex: 1
ParentIndex: 0
BoneChildCount: 1
2
1.000000 0.000000 0.000000 0.000000
0.000000 1.000000 0.000000 0.000000
0.000000 0.000000 1.000000 0.000000
0.000000 0.000000 0.000000 1.000000
1.000000 0.000000 -0.000000 0.000000
0.000000 1.000000 -0.000000 0.000000
-0.000000 -0.000000 1.000000 -0.000000
0.000000 0.000091 -0.000002 1.000000
BoneName: Ch06_$AssimpFbx$_RotationPivotInverse
BoneIndex: 2
ParentIndex: 1
BoneChildCount: 1
3
1.000000 0.000000 0.000000 0.000000
0.000000 1.000000 0.000000 0.000000
0.000000 0.000000 1.000000 0.000000
0.000000 0.000000 0.000000 1.000000
1.000000 0.000000 -0.000000 0.000000
0.000000 1.000000 -0.000000 0.000000
-0.000000 -0.000000 1.000000 -0.000000
-0.000000 -0.000091 0.000002 1.000000
BoneName: Ch06_$AssimpFbx$_ScalingPivot
BoneIndex: 3
ParentIndex: 2
BoneChildCount: 1
4
1.000000 0.000000 0.000000 0.000000
0.000000 1.000000 0.000000 0.000000
0.000000 0.000000 1.000000 0.000000
0.000000 0.000000 0.000000 1.000000
1.000000 0.000000 -0.000000 0.000000
0.000000 1.000000 -0.000000 0.000000
-0.000000 -0.000000 1.000000 -0.000000
0.000000 0.000091 -0.000002 1.000000
BoneName: Ch06_$AssimpFbx$_ScalingPivotInverse
BoneIndex: 4
ParentIndex: 3
BoneChildCount: 1
5
1.000000 0.000000 0.000000 0.000000
0.000000 1.000000 0.000000 0.000000
0.000000 0.000000 1.000000 0.000000
0.000000 0.000000 0.000000 1.000000
1.000000 0.000000 -0.000000 0.000000
0.000000 1.000000 -0.000000 0.000000
-0.000000 -0.000000 1.000000 -0.000000
-0.000000 -0.000091 0.000002 1.000000
BoneName: Ch06
BoneIndex: 5
ParentIndex: 4
BoneChildCount: 0
1.000000 0.000000 0.000000 0.000000
0.000000 1.000000 0.000000 0.000000
0.000000 0.000000 1.000000 0.000000
0.000000 0.000000 0.000000 1.000000
1.000000 0.000000 -0.000000 0.000000
0.000000 1.000000 -0.000000 0.000000
-0.000000 -0.000000 1.000000 -0.000000
0.000000 0.000000 -0.000000 1.000000
BoneName: mixamorig9:Hips
BoneIndex: 6
ParentIndex: 0
BoneChildCount: 3
7
141
154
1.000000 0.000000 -0.000000 0.000000
0.000000 1.000000 -0.000000 0.000000
-0.000000 -0.000000 1.000000 -0.000000
0.000000 -0.966308 -0.003488 1.000000
1.000000 0.000000 -0.000000 0.000000
0.000000 1.000000 -0.000000 0.000000
-0.000000 -0.000000 1.000000 -0.000000
0.000000 0.000097 0.000000 1.000000
BoneName: mixamorig9:Spine_$AssimpFbx$_Translation
BoneIndex: 7
ParentIndex: 6
BoneChildCount: 1
8
1.000000 0.000000 0.000000 0.000000
0.000000 1.000000 0.000000 0.000000
0.000000 0.000000 1.000000 0.000000
0.000000 0.000000 0.000000 1.000000
1.000000 0.000000 -0.000000 0.000000
0.000000 1.000000 -0.000000 0.000000
-0.000000 -0.000000 1.000000 -0.000000
0.000000 0.000012 0.000001 1.000000
BoneName: mixamorig9:Spine_$AssimpFbx$_PreRotation
BoneIndex: 8
ParentIndex: 7
BoneChildCount: 1
9
1.000000 0.000000 0.000000 0.000000
0.000000 1.000000 0.000000 0.000000
0.000000 0.000000 1.000000 0.000000
0.000000 0.000000 0.000000 1.000000
1.000000 0.000000 -0.000000 0.000000
0.000000 0.998965 0.045491 0.000000
-0.000000 -0.045491 0.998965 -0.000000
0.000000 0.000000 -0.000000 1.000000
BoneName: mixamorig9:Spine
BoneIndex: 9
ParentIndex: 8
BoneChildCount: 1
10
1.000000 0.000000 -0.000000 0.000000
0.000000 0.998965 -0.045491 0.000000
-0.000000 0.045491 0.998965 -0.000000
0.000000 -1.083115 0.040474 1.000000
1.000000 0.000000 -0.000000 0.000000
0.000000 1.000000 -0.000000 0.000000
-0.000000 -0.000000 1.000000 -0.000000
0.000000 0.000000 -0.000000 1.000000
BoneName: mixamorig9:Spine1
BoneIndex: 10
ParentIndex: 9
BoneChildCount: 1
11
1.000000 0.000000 -0.000000 0.000000
0.000000 0.998965 -0.045491 0.000000
-0.000000 0.045491 0.998965 -0.000000
0.000000 -1.220371 0.040474 1.000000
1.000000 0.000000 -0.000000 0.000000
0.000000 1.000000 -0.000000 0.000000
-0.000000 -0.000000 1.000000 -0.000000
0.000000 0.000014 -0.000000 1.000000
BoneName: mixamorig9:Spine2
BoneIndex: 11
ParentIndex: 10
BoneChildCount: 3
12
17
79
1.000000 0.000000 -0.000000 0.000000
0.000000 0.998965 -0.045491 0.000000
-0.000000 0.045491 0.998965 -0.000000
0.000000 -1.377236 0.040474 1.000000
1.000000 0.000000 -0.000000 0.000000
0.000000 1.000000 -0.000000 0.000000
-0.000000 -0.000000 1.000000 -0.000000
0.000000 0.000016 0.000000 1.000000
BoneName: mixamorig9:Neck_$AssimpFbx$_Translation
BoneIndex: 12
ParentIndex: 11
BoneChildCount: 1
13
1.000000 0.000000 0.000000 0.000000
0.000000 1.000000 0.000000 0.000000
0.000000 0.000000 1.000000 0.000000
0.000000 0.000000 0.000000 1.000000
1.000000 0.000000 -0.000000 0.000000
0.000000 1.000000 -0.000000 0.000000
-0.000000 -0.000000 1.000000 -0.000000
0.000000 0.000018 0.000000 1.000000
BoneName: mixamorig9:Neck_$AssimpFbx$_PreRotation
BoneIndex: 13
ParentIndex: 12
BoneChildCount: 1
14
1.000000 0.000000 0.000000 0.000000
0.000000 1.000000 0.000000 0.000000
0.000000 0.000000 1.000000 0.000000
0.000000 0.000000 0.000000 1.000000
1.000000 0.000000 -0.000000 0.000000
0.000000 0.998965 -0.045491 0.000000
-0.000000 0.045491 0.998965 -0.000000
0.000000 0.000000 -0.000000 1.000000
BoneName: mixamorig9:Neck
BoneIndex: 14
ParentIndex: 13
BoneChildCount: 1
15
1.000000 0.000000 -0.000000 0.000000
0.000000 1.000000 0.000000 0.000000
-0.000000 -0.000000 1.000000 -0.000000
0.000000 -1.553941 -0.030247 1.000000
1.000000 0.000000 -0.000000 0.000000
0.000000 1.000000 -0.000000 0.000000
-0.000000 -0.000000 1.000000 -0.000000
0.000000 0.000000 -0.000000 1.000000
BoneName: mixamorig9:Head
BoneIndex: 15
ParentIndex: 14
BoneChildCount: 1
16
1.000000 0.000000 -0.000000 0.000000
0.000000 1.000000 0.000000 0.000000
-0.000000 -0.000000 1.000000 -0.000000
0.000000 -1.604107 -0.011445 1.000000
1.000000 0.000000 -0.000000 0.000000
0.000000 1.000000 -0.000000 0.000000
-0.000000 -0.000000 1.000000 -0.000000
0.000000 0.000005 -0.000002 1.000000
BoneName: mixamorig9:HeadTop_End
BoneIndex: 16
ParentIndex: 15
BoneChildCount: 0
1.000000 0.000000 -0.000000 0.000000
0.000000 1.000000 0.000000 0.000000
-0.000000 -0.000000 1.000000 -0.000000
0.000000 -1.811541 0.066301 1.000000
1.000000 0.000000 -0.000000 0.000000
0.000000 1.000000 -0.000000 0.000000
-0.000000 -0.000000 1.000000 -0.000000
0.000000 0.000021 -0.000008 1.000000
BoneName: mixamorig9:LeftShoulder_$AssimpFbx$_Translation
BoneIndex: 17
ParentIndex: 11
BoneChildCount: 1
18
1.000000 0.000000 0.000000 0.000000
0.000000 1.000000 0.000000 0.000000
0.000000 0.000000 1.000000 0.000000
0.000000 0.000000 0.000000 1.000000
1.000000 0.000000 -0.000000 0.000000
0.000000 1.000000 -0.000000 0.000000
-0.000000 -0.000000 1.000000 -0.000000
0.000008 0.000015 0.000000 1.000000
BoneName: mixamorig9:LeftShoulder_$AssimpFbx$_PreRotation
BoneIndex: 18
ParentIndex: 17
BoneChildCount: 1
19
1.000000 0.000000 0.000000 0.000000
0.000000 1.000000 0.000000 0.000000
0.000000 0.000000 1.000000 0.000000
0.000000 0.000000 0.000000 1.000000
-0.014250 -0.000164 0.999898 0.000000
0.941434 -0.336933 0.013362 0.000000
0.336896 0.941529 0.004956 -0.000000
0.000000 0.000000 -0.000000 1.000000
BoneName: mixamorig9:LeftShoulder
BoneIndex: 19
ParentIndex: 18
BoneChildCount: 1
20
-0.014250 0.941434 0.336896 0.000000
-0.045650 -0.337192 0.940329 0.000000
0.998856 -0.001979 0.047781 -0.000000
0.040695 0.440446 -1.462077 1.000000
1.000000 0.000000 -0.000000 0.000000
0.000000 1.000000 -0.000000 0.000000
-0.000000 -0.000000 1.000000 -0.000000
0.000000 0.000000 -0.000000 1.000000
BoneName: mixamorig9:LeftArm_$AssimpFbx$_Translation
BoneIndex: 20
ParentIndex: 19
BoneChildCount: 1
21
1.000000 0.000000 0.000000 0.000000
0.000000 1.000000 0.000000 0.000000
0.000000 0.000000 1.000000 0.000000
0.000000 0.000000 0.000000 1.000000
1.000000 0.000000 -0.000000 0.000000
0.000000 1.000000 -0.000000 0.000000
-0.000000 -0.000000 1.000000 -0.000000
-0.000000 0.000017 0.000000 1.000000
BoneName: mixamorig9:LeftArm_$AssimpFbx$_PreRotation
BoneIndex: 21
ParentIndex: 20
BoneChildCount: 1
22
1.000000 0.000000 0.000000 0.000000
0.000000 1.000000 0.000000 0.000000
0.000000 0.000000 1.000000 0.000000
0.000000 0.000000 0.000000 1.000000
0.998947 -0.045878 0.000000 0.000000
0.043626 0.949912 0.309457 0.000000
-0.014197 -0.309131 0.950913 -0.000000
0.000000 0.000000 -0.000000 1.000000
BoneName: mixamorig9:LeftArm
BoneIndex: 22
ParentIndex: 21
BoneChildCount: 1
23
-0.057426 0.997913 0.029535 0.000000
-0.030132 -0.031303 0.999056 0.000000
0.997895 0.056482 0.031867 -0.000000
0.028067 -0.190095 -1.475688 1.000000
1.000000 0.000000 -0.000000 0.000000
0.000000 1.000000 -0.000000 0.000000
-0.000000 -0.000000 1.000000 -0.000000
0.000000 0.000000 -0.000000 1.000000
BoneName: mixamorig9:LeftForeArm_$AssimpFbx$_Translation
BoneIndex: 23
ParentIndex: 22
BoneChildCount: 1
24
1.000000 0.000000 0.000000 0.000000
0.000000 1.000000 0.000000 0.000000
0.000000 0.000000 1.000000 0.000000
0.000000 0.000000 0.000000 1.000000
1.000000 0.000000 -0.000000 0.000000
0.000000 1.000000 -0.000000 0.000000
-0.000000 -0.000000 1.000000 -0.000000
0.000000 0.000023 -0.000000 1.000000
BoneName: mixamorig9:LeftForeArm_$AssimpFbx$_PreRotation
BoneIndex: 24
ParentIndex: 23
BoneChildCount: 1
25
1.000000 0.000000 0.000000 0.000000
0.000000 1.000000 0.000000 0.000000
0.000000 0.000000 1.000000 0.000000
0.000000 0.000000 0.000000 1.000000
0.995077 0.099100 -0.000000 0.000000
-0.098893 0.992994 0.064677 0.000000
0.006410 -0.064359 0.997906 -0.000000
0.000000 0.000000 -0.000000 1.000000
BoneName: mixamorig9:LeftForeArm
BoneIndex: 25
ParentIndex: 24
BoneChildCount: 1
26
0.041750 0.998511 -0.035119 0.000000
-0.033086 0.036512 0.998785 0.000000
0.998580 -0.040537 0.034561 -0.000000
-0.013282 -0.511156 -1.445654 1.000000
1.000000 0.000000 -0.000000 0.000000
0.000000 1.000000 -0.000000 0.000000
-0.000000 -0.000000 1.000000 -0.000000
0.000000 0.000000 -0.000000 1.000000
BoneName: mixamorig9:LeftHand_$AssimpFbx$_Translation
BoneIndex: 26
ParentIndex: 25
BoneChildCount: 1
27
1.000000 0.000000 0.000000 0.000000
0.000000 1.000000 0.000000 0.000000
0.000000 0.000000 1.000000 0.000000
0.000000 0.000000 0.000000 1.000000
1.000000 0.000000 -0.000000 0.000000
0.000000 1.000000 -0.000000 0.000000
-0.000000 -0.000000 1.000000 -0.000000
-0.000000 0.000023 0.000000 1.000000
BoneName: mixamorig9:LeftHand_$AssimpFbx$_PreRotation
BoneIndex: 27
ParentIndex: 26
BoneChildCount: 1
28
1.000000 0.000000 0.000000 0.000000
0.000000 1.000000 0.000000 0.000000
0.000000 0.000000 1.000000 0.000000
0.000000 0.000000 0.000000 1.000000
0.988319 0.048705 0.144410 0.000000
-0.033900 0.994076 -0.103266 0.000000
-0.148584 0.097165 0.984115 -0.000000
0.000000 0.000000 -0.000000 1.000000
BoneName: mixamorig9:LeftHand
BoneIndex: 28
ParentIndex: 27
BoneChildCount: 5
29
39
49
59
69
0.084823 0.994807 0.056255 0.000000
0.113313 -0.065723 0.991383 0.000000
0.989932 -0.077718 -0.118300 -0.000000
-0.258232 -0.591947 -1.493211 1.000000
1.000000 0.000000 -0.000000 0.000000
0.000000 1.000000 -0.000000 0.000000
-0.000000 -0.000000 1.000000 -0.000000
0.000000 0.000000 -0.000000 1.000000
BoneName: mixamorig9:LeftHandThumb1_$AssimpFbx$_Translation
BoneIndex: 29
ParentIndex: 28
BoneChildCount: 1
30
1.000000 0.000000 0.000000 0.000000
0.000000 1.000000 0.000000 0.000000
0.000000 0.000000 1.000000 0.000000
0.000000 0.000000 0.000000 1.000000
1.000000 0.000000 -0.000000 0.000000
0.000000 1.000000 -0.000000 0.000000
-0.000000 -0.000000 1.000000 -0.000000
-0.000003 0.000003 -0.000001 1.000000
BoneName: mixamorig9:LeftHandThumb1_$AssimpFbx$_PreRotation
BoneIndex: 30
ParentIndex: 29
BoneChildCount: 1
31
1.000000 0.000000 0.000000 0.000000
0.000000 1.000000 0.000000 0.000000
0.000000 0.000000 1.000000 0.000000
0.000000 0.000000 0.000000 1.000000
0.828121 0.560549 0.000000 0.000000
-0.537675 0.794329 -0.282749 0.000000
-0.158495 0.234151 0.959194 -0.000000
0.000000 0.000000 -0.000000 1.000000
BoneName: mixamorig9:LeftHandThumb1
BoneIndex: 31
ParentIndex: 30
BoneChildCount: 1
32
0.627882 0.728690 0.273450 0.000000
0.056996 -0.393445 0.917580 0.000000
0.776219 -0.560547 -0.288569 -0.000000
-0.538063 0.047966 -1.529955 1.000000
1.000000 0.000000 -0.000000 0.000000
0.000000 1.000000 -0.000000 0.000000
-0.000000 -0.000000 1.000000 -0.000000
0.000000 0.000000 -0.000000 1.000000
BoneName: mixamorig9:LeftHandThumb2_$AssimpFbx$_Translation
BoneIndex: 32
ParentIndex: 31
BoneChildCount: 1
33
1.000000 0.000000 0.000000 0.000000
0.000000 1.000000 0.000000 0.000000
0.000000 0.000000 1.000000 0.000000
0.000000 0.000000 0.000000 1.000000
1.000000 0.000000 -0.000000 0.000000
0.000000 1.000000 -0.000000 0.000000
-0.000000 -0.000000 1.000000 -0.000000
-0.000001 0.000003 0.000000 1.000000
BoneName: mixamorig9:LeftHandThumb2_$AssimpFbx$_PreRotation
BoneIndex: 33
ParentIndex: 32
BoneChildCount: 1
34
1.000000 0.000000 0.000000 0.000000
0.000000 1.000000 0.000000 0.000000
0.000000 0.000000 1.000000 0.000000
0.000000 0.000000 0.000000 1.000000
1.000000 0.000000 -0.000000 0.000000
0.000000 0.991184 -0.132493 0.000000
-0.000000 0.132493 0.991184 -0.000000
0.000000 0.000000 -0.000000 1.000000
BoneName: mixamorig9:LeftHandThumb2
BoneIndex: 34
ParentIndex: 33
BoneChildCount: 1
35
0.627882 0.686036 0.367585 0.000000
0.056996 -0.511549 0.857362 0.000000
0.776219 -0.517371 -0.360294 -0.000000
-0.531982 0.216247 -1.514657 1.000000
1.000000 0.000000 -0.000000 0.000000
0.000000 1.000000 -0.000000 0.000000
-0.000000 -0.000000 1.000000 -0.000000
0.000000 0.000000 -0.000000 1.000000
BoneName: mixamorig9:LeftHandThumb3_$AssimpFbx$_Translation
BoneIndex: 35
ParentIndex: 34
BoneChildCount: 1
36
1.000000 0.000000 0.000000 0.000000
0.000000 1.000000 0.000000 0.000000
0.000000 0.000000 1.000000 0.000000
0.000000 0.000000 0.000000 1.000000
1.000000 0.000000 -0.000000 0.000000
0.000000 1.000000 -0.000000 0.000000
-0.000000 -0.000000 1.000000 -0.000000
0.000000 0.000003 0.000000 1.000000
BoneName: mixamorig9:LeftHandThumb3_$AssimpFbx$_PreRotation
BoneIndex: 36
ParentIndex: 35
BoneChildCount: 1
37
1.000000 0.000000 0.000000 0.000000
0.000000 1.000000 0.000000 0.000000
0.000000 0.000000 1.000000 0.000000
0.000000 0.000000 0.000000 1.000000
1.000000 0.000000 -0.000000 0.000000
0.000000 0.998353 0.057377 0.000000
-0.000000 -0.057377 0.998353 -0.000000
0.000000 0.000000 -0.000000 1.000000
BoneName: mixamorig9:LeftHandThumb3
BoneIndex: 37
ParentIndex: 36
BoneChildCount: 1
38
0.627882 0.705996 0.327617 0.000000
0.056996 -0.461513 0.885300 0.000000
0.776219 -0.537192 -0.330015 -0.000000
-0.533034 0.094970 -1.522615 1.000000
1.000000 0.000000 -0.000000 0.000000
0.000000 1.000000 -0.000000 0.000000
-0.000000 -0.000000 1.000000 -0.000000
0.000000 0.000000 -0.000000 1.000000
BoneName: mixamorig9:LeftHandThumb4
BoneIndex: 38
ParentIndex: 37
BoneChildCount: 0
0.627882 0.705996 0.327617 0.000000
0.056996 -0.461513 0.885300 0.000000
0.776219 -0.537192 -0.330015 -0.000000
-0.538063 0.065103 -1.522615 1.000000
1.000000 0.000000 -0.000000 0.000000
0.000000 1.000000 -0.000000 0.000000
-0.000000 -0.000000 1.000000 -0.000000
0.000001 0.000003 0.000000 1.000000
BoneName: mixamorig9:LeftHandIndex1_$AssimpFbx$_Translation
BoneIndex: 39
ParentIndex: 28
BoneChildCount: 1
40
1.000000 0.000000 0.000000 0.000000
0.000000 1.000000 0.000000 0.000000
0.000000 0.000000 1.000000 0.000000
0.000000 0.000000 0.000000 1.000000
1.000000 0.000000 -0.000000 0.000000
0.000000 1.000000 -0.000000 0.000000
-0.000000 -0.000000 1.000000 -0.000000
-0.000004 0.000010 -0.000000 1.000000
BoneName: mixamorig9:LeftHandIndex1_$AssimpFbx$_PreRotation
BoneIndex: 40
ParentIndex: 39
BoneChildCount: 1
41
1.000000 0.000000 0.000000 0.000000
0.000000 1.000000 0.000000 0.000000
0.000000 0.000000 1.000000 0.000000
0.000000 0.000000 0.000000 1.000000
0.993904 0.110249 0.000000 0.000000
-0.110221 0.993657 -0.022281 0.000000
-0.002456 0.022145 0.999752 -0.000000
0.000000 0.000000 -0.000000 1.000000
BoneName: mixamorig9:LeftHandIndex1
BoneIndex: 41
ParentIndex: 40
BoneChildCount: 1
42
0.193982 0.977894 0.078062 0.000000
0.105377 -0.099885 0.989403 0.000000
0.975329 -0.183701 -0.122423 -0.000000
-0.297273 -0.628279 -1.506153 1.000000
1.000000 0.000000 -0.000000 0.000000
0.000000 1.000000 -0.000000 0.000000
-0.000000 -0.000000 1.000000 -0.000000
0.000000 0.000000 -0.000000 1.000000
BoneName: mixamorig9:LeftHandIndex2_$AssimpFbx$_Translation
BoneIndex: 42
ParentIndex: 41
BoneChildCount: 1
43
1.000000 0.000000 0.000000 0.000000
0.000000 1.000000 0.000000 0.000000
0.000000 0.000000 1.000000 0.000000
0.000000 0.000000 0.000000 1.000000
1.000000 0.000000 -0.000000 0.000000
0.000000 1.000000 -0.000000 0.000000
-0.000000 -0.000000 1.000000 -0.000000
0.000000 0.000003 0.000000 1.000000
BoneName: mixamorig9:LeftHandIndex2_$AssimpFbx$_PreRotation
BoneIndex: 43
ParentIndex: 42
BoneChildCount: 1
44
1.000000 0.000000 0.000000 0.000000
0.000000 1.000000 0.000000 0.000000
0.000000 0.000000 1.000000 0.000000
0.000000 0.000000 0.000000 1.000000
1.000000 0.000000 -0.000000 0.000000
0.000000 0.989159 -0.146848 0.000000
-0.000000 0.146848 0.989159 -0.000000
0.000000 0.000000 -0.000000 1.000000
BoneName: mixamorig9:LeftHandIndex2
BoneIndex: 44
ParentIndex: 43
BoneChildCount: 1
45
0.193982 0.955830 0.220818 0.000000
0.105377 -0.244093 0.964009 0.000000
0.975329 -0.163732 -0.148072 -0.000000
-0.297510 -0.433126 -1.586960 1.000000
1.000000 0.000000 -0.000000 0.000000
0.000000 1.000000 -0.000000 0.000000
-0.000000 -0.000000 1.000000 -0.000000
0.000000 0.000000 -0.000000 1.000000
BoneName: mixamorig9:LeftHandIndex3_$AssimpFbx$_Translation
BoneIndex: 45
ParentIndex: 44
BoneChildCount: 1
46
1.000000 0.000000 0.000000 0.000000
0.000000 1.000000 0.000000 0.000000
0.000000 0.000000 1.000000 0.000000
0.000000 0.000000 0.000000 1.000000
1.000000 0.000000 -0.000000 0.000000
0.000000 1.000000 -0.000000 0.000000
-0.000000 -0.000000 1.000000 -0.000000
-0.000000 0.000003 0.000000 1.000000
BoneName: mixamorig9:LeftHandIndex3_$AssimpFbx$_PreRotation
BoneIndex: 46
ParentIndex: 45
BoneChildCount: 1
47
1.000000 0.000000 0.000000 0.000000
0.000000 1.000000 0.000000 0.000000
0.000000 0.000000 1.000000 0.000000
0.000000 0.000000 0.000000 1.000000
1.000000 0.000000 -0.000000 0.000000
0.000000 0.999985 -0.005417 0.000000
-0.000000 0.005417 0.999985 -0.000000
0.000000 0.000000 -0.000000 1.000000
BoneName: mixamorig9:LeftHandIndex3
BoneIndex: 47
ParentIndex: 46
BoneChildCount: 1
48
0.193982 0.954620 0.225992 0.000000
0.105377 -0.249312 0.962673 0.000000
0.975329 -0.162927 -0.148957 -0.000000
-0.297389 -0.455204 -1.589449 1.000000
1.000000 0.000000 -0.000000 0.000000
0.000000 1.000000 -0.000000 0.000000
-0.000000 -0.000000 1.000000 -0.000000
0.000000 0.000000 -0.000000 1.000000
BoneName: mixamorig9:LeftHandIndex4
BoneIndex: 48
ParentIndex: 47
BoneChildCount: 0
0.193982 0.954620 0.225992 0.000000
0.105377 -0.249312 0.962673 0.000000
0.975329 -0.162927 -0.148957 -0.000000
-0.297273 -0.481844 -1.589449 1.000000
1.000000 0.000000 -0.000000 0.000000
0.000000 1.000000 -0.000000 0.000000
-0.000000 -0.000000 1.000000 -0.000000
-0.000000 0.000003 0.000000 1.000000
BoneName: mixamorig9:LeftHandMiddle1_$AssimpFbx$_Translation
BoneIndex: 49
ParentIndex: 28
BoneChildCount: 1
50
1.000000 0.000000 0.000000 0.000000
0.000000 1.000000 0.000000 0.000000
0.000000 0.000000 1.000000 0.000000
0.000000 0.000000 0.000000 1.000000
1.000000 0.000000 -0.000000 0.000000
0.000000 1.000000 -0.000000 0.000000
-0.000000 -0.000000 1.000000 -0.000000
-0.000001 0.000010 0.000000 1.000000
BoneName: mixamorig9:LeftHandMiddle1_$AssimpFbx$_PreRotation
BoneIndex: 50
ParentIndex: 49
BoneChildCount: 1
51
1.000000 0.000000 0.000000 0.000000
0.000000 1.000000 0.000000 0.000000
0.000000 0.000000 1.000000 0.000000
0.000000 0.000000 0.000000 1.000000
0.999779 0.021012 0.000000 0.000000
-0.020974 0.998003 -0.059575 0.000000
-0.001252 0.059562 0.998224 -0.000000
0.000000 0.000000 -0.000000 1.000000
BoneName: mixamorig9:LeftHandMiddle1
BoneIndex: 51
ParentIndex: 50
BoneChildCount: 1
52
0.105707 0.987690 0.115302 0.000000
0.111907 -0.127030 0.985566 0.000000
0.988080 -0.091278 -0.123958 -0.000000
-0.262533 -0.597051 -1.534264 1.000000
1.000000 0.000000 -0.000000 0.000000
0.000000 1.000000 -0.000000 0.000000
-0.000000 -0.000000 1.000000 -0.000000
0.000000 0.000000 -0.000000 1.000000
BoneName: mixamorig9:LeftHandMiddle2_$AssimpFbx$_Translation
BoneIndex: 52
ParentIndex: 51
BoneChildCount: 1
53
1.000000 0.000000 0.000000 0.000000
0.000000 1.000000 0.000000 0.000000
0.000000 0.000000 1.000000 0.000000
0.000000 0.000000 0.000000 1.000000
1.000000 0.000000 -0.000000 0.000000
0.000000 1.000000 -0.000000 0.000000
-0.000000 -0.000000 1.000000 -0.000000
0.000000 0.000004 0.000000 1.000000
BoneName: mixamorig9:LeftHandMiddle2_$AssimpFbx$_PreRotation
BoneIndex: 53
ParentIndex: 52
BoneChildCount: 1
54
1.000000 0.000000 0.000000 0.000000
0.000000 1.000000 0.000000 0.000000
0.000000 0.000000 1.000000 0.000000
0.000000 0.000000 0.000000 1.000000
1.000000 0.000000 -0.000000 0.000000
0.000000 0.988910 -0.148514 0.000000
-0.000000 0.148514 0.988910 -0.000000
0.000000 0.000000 -0.000000 1.000000
BoneName: mixamorig9:LeftHandMiddle2
BoneIndex: 54
ParentIndex: 53
BoneChildCount: 1
55
0.105707 0.959613 0.260709 0.000000
0.111907 -0.271992 0.955770 0.000000
0.988080 -0.071857 -0.136139 -0.000000
-0.262667 -0.397387 -1.611149 1.000000
1.000000 0.000000 -0.000000 0.000000
0.000000 1.000000 -0.000000 0.000000
-0.000000 -0.000000 1.000000 -0.000000
0.000000 0.000000 -0.000000 1.000000
BoneName: mixamorig9:LeftHandMiddle3_$AssimpFbx$_Translation
BoneIndex: 55
ParentIndex: 54
BoneChildCount: 1
56
1.000000 0.000000 0.000000 0.000000
0.000000 1.000000 0.000000 0.000000
0.000000 0.000000 1.000000 0.000000
0.000000 0.000000 0.000000 1.000000
1.000000 0.000000 -0.000000 0.000000
0.000000 1.000000 -0.000000 0.000000
-0.000000 -0.000000 1.000000 -0.000000
-0.000000 0.000003 -0.000000 1.000000
BoneName: mixamorig9:LeftHandMiddle3_$AssimpFbx$_PreRotation
BoneIndex: 56
ParentIndex: 55
BoneChildCount: 1
57
1.000000 0.000000 0.000000 0.000000
0.000000 1.000000 0.000000 0.000000
0.000000 0.000000 1.000000 0.000000
0.000000 0.000000 0.000000 1.000000
1.000000 0.000000 -0.000000 0.000000
0.000000 0.993645 0.112559 0.000000
-0.000000 -0.112559 0.993645 -0.000000
0.000000 0.000000 -0.000000 1.000000
BoneName: mixamorig9:LeftHandMiddle3
BoneIndex: 57
ParentIndex: 56
BoneChildCount: 1
58
0.105707 0.982860 0.151038 0.000000
0.111907 -0.162682 0.980312 0.000000
0.988080 -0.086724 -0.127186 -0.000000
-0.262488 -0.608750 -1.552495 1.000000
1.000000 0.000000 -0.000000 0.000000
0.000000 1.000000 -0.000000 0.000000
-0.000000 -0.000000 1.000000 -0.000000
0.000000 0.000000 -0.000000 1.000000
BoneName: mixamorig9:LeftHandMiddle4
BoneIndex: 58
ParentIndex: 57
BoneChildCount: 0
0.105707 0.982860 0.151038 0.000000
0.111907 -0.162682 0.980312 0.000000
0.988080 -0.086724 -0.127186 -0.000000
-0.262533 -0.637929 -1.552495 1.000000
1.000000 0.000000 -0.000000 0.000000
0.000000 1.000000 -0.000000 0.000000
-0.000000 -0.000000 1.000000 -0.000000
0.000000 0.000003 0.000000 1.000000
BoneName: mixamorig9:LeftHandRing1_$AssimpFbx$_Translation
BoneIndex: 59
ParentIndex: 28
BoneChildCount: 1
60
1.000000 0.000000 0.000000 0.000000
0.000000 1.000000 0.000000 0.000000
0.000000 0.000000 1.000000 0.000000
0.000000 0.000000 0.000000 1.000000
1.000000 0.000000 -0.000000 0.000000
0.000000 1.000000 -0.000000 0.000000
-0.000000 -0.000000 1.000000 -0.000000
0.000001 0.000010 0.000000 1.000000
BoneName: mixamorig9:LeftHandRing1_$AssimpFbx$_PreRotation
BoneIndex: 60
ParentIndex: 59
BoneChildCount: 1
61
1.000000 0.000000 0.000000 0.000000
0.000000 1.000000 0.000000 0.000000
0.000000 0.000000 1.000000 0.000000
0.000000 0.000000 0.000000 1.000000
0.994506 -0.104678 0.000000 0.000000
0.102968 0.978266 -0.179979 0.000000
0.018840 0.178991 0.983670 -0.000000
0.000000 0.000000 -0.000000 1.000000
BoneName: mixamorig9:LeftHandRing1
BoneIndex: 61
ParentIndex: 60
BoneChildCount: 1
62
-0.019777 0.971795 0.234995 0.000000
0.119571 -0.231055 0.965565 0.000000
0.992629 0.047194 -0.111629 -0.000000
-0.195377 -0.437196 -1.600530 1.000000
1.000000 0.000000 -0.000000 0.000000
0.000000 1.000000 -0.000000 0.000000
-0.000000 -0.000000 1.000000 -0.000000
0.000000 0.000000 -0.000000 1.000000
BoneName: mixamorig9:LeftHandRing2_$AssimpFbx$_Translation
BoneIndex: 62
ParentIndex: 61
BoneChildCount: 1
63
1.000000 0.000000 0.000000 0.000000
0.000000 1.000000 0.000000 0.000000
0.000000 0.000000 1.000000 0.000000
0.000000 0.000000 0.000000 1.000000
1.000000 0.000000 -0.000000 0.000000
0.000000 1.000000 -0.000000 0.000000
-0.000000 -0.000000 1.000000 -0.000000
-0.000000 0.000003 -0.000000 1.000000
BoneName: mixamorig9:LeftHandRing2_$AssimpFbx$_PreRotation
BoneIndex: 63
ParentIndex: 62
BoneChildCount: 1
64
1.000000 0.000000 0.000000 0.000000
0.000000 1.000000 0.000000 0.000000
0.000000 0.000000 1.000000 0.000000
0.000000 0.000000 0.000000 1.000000
1.000000 0.000000 -0.000000 0.000000
0.000000 0.998632 -0.052291 0.000000
-0.000000 0.052291 0.998632 -0.000000
0.000000 0.000000 -0.000000 1.000000
BoneName: mixamorig9:LeftHandRing2
BoneIndex: 64
ParentIndex: 63
BoneChildCount: 1
65
-0.019777 0.958178 0.285490 0.000000
0.119571 -0.281230 0.952162 0.000000
0.992629 0.052967 -0.109008 -0.000000
-0.195291 -0.380289 -1.622636 1.000000
1.000000 0.000000 -0.000000 0.000000
0.000000 1.000000 -0.000000 0.000000
-0.000000 -0.000000 1.000000 -0.000000
0.000000 0.000000 -0.000000 1.000000
BoneName: mixamorig9:LeftHandRing3_$AssimpFbx$_Translation
BoneIndex: 65
ParentIndex: 64
BoneChildCount: 1
66
1.000000 0.000000 0.000000 0.000000
0.000000 1.000000 0.000000 0.000000
0.000000 0.000000 1.000000 0.000000
0.000000 0.000000 0.000000 1.000000
1.000000 0.000000 -0.000000 0.000000
0.000000 1.000000 -0.000000 0.000000
-0.000000 -0.000000 1.000000 -0.000000
-0.000000 0.000003 -0.000000 1.000000
BoneName: mixamorig9:LeftHandRing3_$AssimpFbx$_PreRotation
BoneIndex: 66
ParentIndex: 65
BoneChildCount: 1
67
1.000000 0.000000 0.000000 0.000000
0.000000 1.000000 0.000000 0.000000
0.000000 0.000000 1.000000 0.000000
0.000000 0.000000 0.000000 1.000000
1.000000 0.000000 -0.000000 0.000000
0.000000 0.926675 0.375864 0.000000
-0.000000 -0.375864 0.926675 -0.000000
0.000000 0.000000 -0.000000 1.000000
BoneName: mixamorig9:LeftHandRing3
BoneIndex: 67
ParentIndex: 66
BoneChildCount: 1
68
-0.019777 0.995225 -0.095587 0.000000
0.119571 0.097274 0.988049 0.000000
0.992629 0.008111 -0.120923 -0.000000
-0.195137 -0.988648 -1.350030 1.000000
1.000000 0.000000 -0.000000 0.000000
0.000000 1.000000 -0.000000 0.000000
-0.000000 -0.000000 1.000000 -0.000000
0.000000 0.000000 -0.000000 1.000000
BoneName: mixamorig9:LeftHandRing4
BoneIndex: 68
ParentIndex: 67
BoneChildCount: 0
-0.019777 0.995225 -0.095587 0.000000
0.119571 0.097274 0.988049 0.000000
0.992629 0.008111 -0.120923 -0.000000
-0.195377 -1.009992 -1.350030 1.000000
1.000000 0.000000 -0.000000 0.000000
0.000000 1.000000 -0.000000 0.000000
-0.000000 -0.000000 1.000000 -0.000000
0.000000 0.000002 -0.000000 1.000000
BoneName: mixamorig9:LeftHandPinky1_$AssimpFbx$_Translation
BoneIndex: 69
ParentIndex: 28
BoneChildCount: 1
70
1.000000 0.000000 0.000000 0.000000
0.000000 1.000000 0.000000 0.000000
0.000000 0.000000 1.000000 0.000000
0.000000 0.000000 0.000000 1.000000
1.000000 0.000000 -0.000000 0.000000
0.000000 1.000000 -0.000000 0.000000
-0.000000 -0.000000 1.000000 -0.000000
0.000003 0.000009 0.000000 1.000000
BoneName: mixamorig9:LeftHandPinky1_$AssimpFbx$_PreRotation
BoneIndex: 70
ParentIndex: 69
BoneChildCount: 1
71
1.000000 0.000000 0.000000 0.000000
0.000000 1.000000 0.000000 0.000000
0.000000 0.000000 1.000000 0.000000
0.000000 0.000000 0.000000 1.000000
0.998811 -0.048749 0.000000 0.000000
0.048163 0.986808 -0.154562 0.000000
0.007535 0.154379 0.987983 -0.000000
0.000000 0.000000 -0.000000 1.000000
BoneName: mixamorig9:LeftHandPinky1
BoneIndex: 71
ParentIndex: 70
BoneChildCount: 1
72
0.036227 0.977074 0.209795 0.000000
0.116383 -0.212629 0.970177 0.000000
0.992544 -0.010730 -0.121417 -0.000000
-0.259270 -0.457224 -1.583305 1.000000
1.000000 0.000000 -0.000000 0.000000
0.000000 1.000000 -0.000000 0.000000
-0.000000 -0.000000 1.000000 -0.000000
0.000000 0.000000 -0.000000 1.000000
BoneName: mixamorig9:LeftHandPinky2_$AssimpFbx$_Translation
BoneIndex: 72
ParentIndex: 71
BoneChildCount: 1
73
1.000000 0.000000 0.000000 0.000000
0.000000 1.000000 0.000000 0.000000
0.000000 0.000000 1.000000 0.000000
0.000000 0.000000 0.000000 1.000000
1.000000 0.000000 -0.000000 0.000000
0.000000 1.000000 -0.000000 0.000000
-0.000000 -0.000000 1.000000 -0.000000
0.000000 0.000003 0.000000 1.000000
BoneName: mixamorig9:LeftHandPinky2_$AssimpFbx$_PreRotation
BoneIndex: 73
ParentIndex: 72
BoneChildCount: 1
74
1.000000 0.000000 0.000000 0.000000
0.000000 1.000000 0.000000 0.000000
0.000000 0.000000 1.000000 0.000000
0.000000 0.000000 0.000000 1.000000
1.000000 0.000000 -0.000000 0.000000
0.000000 0.989522 -0.144384 0.000000
-0.000000 0.144384 0.989522 -0.000000
0.000000 0.000000 -0.000000 1.000000
BoneName: mixamorig9:LeftHandPinky2
BoneIndex: 74
ParentIndex: 73
BoneChildCount: 1
75
0.036227 0.936545 0.348670 0.000000
0.116383 -0.350479 0.929311 0.000000
0.992544 0.006913 -0.121694 -0.000000
-0.259303 -0.249969 -1.636545 1.000000
1.000000 0.000000 -0.000000 0.000000
0.000000 1.000000 -0.000000 0.000000
-0.000000 -0.000000 1.000000 -0.000000
0.000000 0.000000 -0.000000 1.000000
BoneName: mixamorig9:LeftHandPinky3_$AssimpFbx$_Translation
BoneIndex: 75
ParentIndex: 74
BoneChildCount: 1
76
1.000000 0.000000 0.000000 0.000000
0.000000 1.000000 0.000000 0.000000
0.000000 0.000000 1.000000 0.000000
0.000000 0.000000 0.000000 1.000000
1.000000 0.000000 -0.000000 0.000000
0.000000 1.000000 -0.000000 0.000000
-0.000000 -0.000000 1.000000 -0.000000
-0.000000 0.000002 -0.000000 1.000000
BoneName: mixamorig9:LeftHandPinky3_$AssimpFbx$_PreRotation
BoneIndex: 76
ParentIndex: 75
BoneChildCount: 1
77
1.000000 0.000000 0.000000 0.000000
0.000000 1.000000 0.000000 0.000000
0.000000 0.000000 1.000000 0.000000
0.000000 0.000000 0.000000 1.000000
1.000000 0.000000 -0.000000 0.000000
0.000000 0.970090 0.242747 0.000000
-0.000000 -0.242747 0.970090 -0.000000
0.000000 0.000000 -0.000000 1.000000
BoneName: mixamorig9:LeftHandPinky3
BoneIndex: 77
ParentIndex: 76
BoneChildCount: 1
78
0.036227 0.993171 0.110898 0.000000
0.116383 -0.114409 0.986593 0.000000
0.992544 -0.022835 -0.119733 -0.000000
-0.259162 -0.661111 -1.521573 1.000000
1.000000 0.000000 -0.000000 0.000000
0.000000 1.000000 -0.000000 0.000000
-0.000000 -0.000000 1.000000 -0.000000
0.000000 0.000000 -0.000000 1.000000
BoneName: mixamorig9:LeftHandPinky4
BoneIndex: 78
ParentIndex: 77
BoneChildCount: 0
0.036227 0.993171 0.110898 0.000000
0.116383 -0.114409 0.986593 0.000000
0.992544 -0.022835 -0.119733 -0.000000
-0.259270 -0.679072 -1.521573 1.000000
1.000000 0.000000 -0.000000 0.000000
0.000000 1.000000 -0.000000 0.000000
-0.000000 -0.000000 1.000000 -0.000000
0.000000 0.000002 0.000000 1.000000
BoneName: mixamorig9:RightShoulder_$AssimpFbx$_Translation
BoneIndex: 79
ParentIndex: 11
BoneChildCount: 1
80
1.000000 0.000000 0.000000 0.000000
0.000000 1.000000 0.000000 0.000000
0.000000 0.000000 1.000000 0.000000
0.000000 0.000000 0.000000 1.000000
1.000000 0.000000 -0.000000 0.000000
0.000000 1.000000 -0.000000 0.000000
-0.000000 -0.000000 1.000000 -0.000000
-0.000008 0.000015 0.000000 1.000000
BoneName: mixamorig9:RightShoulder_$AssimpFbx$_PreRotation
BoneIndex: 80
ParentIndex: 79
BoneChildCount: 1
81
1.000000 0.000000 0.000000 0.000000
0.000000 1.000000 0.000000 0.000000
0.000000 0.000000 1.000000 0.000000
0.000000 0.000000 0.000000 1.000000
-0.018446 0.000157 -0.999830 0.000000
-0.941434 -0.336753 0.017316 0.000000
-0.336693 0.941593 0.006359 -0.000000
0.000000 0.000000 -0.000000 1.000000
BoneName: mixamorig9:RightShoulder
BoneIndex: 81
ParentIndex: 80
BoneChildCount: 1
82
-0.018446 -0.941434 -0.336693 0.000000
0.045639 -0.337192 0.940329 0.000000
-0.998788 0.001979 0.049187 -0.000000
-0.040683 0.440326 -1.462121 1.000000
1.000000 0.000000 -0.000000 0.000000
0.000000 1.000000 -0.000000 0.000000
-0.000000 -0.000000 1.000000 -0.000000
0.000000 0.000000 -0.000000 1.000000
BoneName: mixamorig9:RightArm_$AssimpFbx$_Translation
BoneIndex: 82
ParentIndex: 81
BoneChildCount: 1
83
1.000000 0.000000 0.000000 0.000000
0.000000 1.000000 0.000000 0.000000
0.000000 0.000000 1.000000 0.000000
0.000000 0.000000 0.000000 1.000000
1.000000 0.000000 -0.000000 0.000000
0.000000 1.000000 -0.000000 0.000000
-0.000000 -0.000000 1.000000 -0.000000
0.000000 0.000017 0.000000 1.000000
BoneName: mixamorig9:RightArm_$AssimpFbx$_PreRotation
BoneIndex: 83
ParentIndex: 82
BoneChildCount: 1
84
1.000000 0.000000 0.000000 0.000000
0.000000 1.000000 0.000000 0.000000
0.000000 0.000000 1.000000 0.000000
0.000000 0.000000 0.000000 1.000000
0.999306 0.037250 -0.000000 0.000000
-0.035425 0.950336 0.309203 0.000000
0.011518 -0.308988 0.950996 -0.000000
0.000000 0.000000 -0.000000 1.000000
BoneName: mixamorig9:RightArm
BoneIndex: 84
ParentIndex: 83
BoneChildCount: 1
85
-0.053502 -0.998132 -0.029514 0.000000
0.033047 -0.031310 0.998963 0.000000
-0.998021 0.052471 0.034661 -0.000000
-0.030441 -0.190069 -1.475664 1.000000
1.000000 0.000000 -0.000000 0.000000
0.000000 1.000000 -0.000000 0.000000
-0.000000 -0.000000 1.000000 -0.000000
0.000000 0.000000 -0.000000 1.000000
BoneName: mixamorig9:RightForeArm_$AssimpFbx$_Translation
BoneIndex: 85
ParentIndex: 84
BoneChildCount: 1
86
1.000000 0.000000 0.000000 0.000000
0.000000 1.000000 0.000000 0.000000
0.000000 0.000000 1.000000 0.000000
0.000000 0.000000 0.000000 1.000000
1.000000 0.000000 -0.000000 0.000000
0.000000 1.000000 -0.000000 0.000000
-0.000000 -0.000000 1.000000 -0.000000
-0.000000 0.000023 0.000000 1.000000
BoneName: mixamorig9:RightForeArm_$AssimpFbx$_PreRotation
BoneIndex: 86
ParentIndex: 85
BoneChildCount: 1
87
1.000000 0.000000 0.000000 0.000000
0.000000 1.000000 0.000000 0.000000
0.000000 0.000000 1.000000 0.000000
0.000000 0.000000 0.000000 1.000000
0.995589 -0.093827 -0.000000 0.000000
0.093631 0.993509 0.064594 0.000000
-0.006061 -0.064309 0.997912 -0.000000
0.000000 0.000000 -0.000000 1.000000
BoneName: mixamorig9:RightForeArm
BoneIndex: 87
ParentIndex: 86
BoneChildCount: 1
88
0.040385 -0.998569 0.035061 0.000000
0.035839 0.036515 0.998690 0.000000
-0.998541 -0.039076 0.037263 -0.000000
0.008704 -0.511245 -1.445660 1.000000
1.000000 0.000000 -0.000000 0.000000
0.000000 1.000000 -0.000000 0.000000
-0.000000 -0.000000 1.000000 -0.000000
0.000000 0.000000 -0.000000 1.000000
BoneName: mixamorig9:RightHand_$AssimpFbx$_Translation
BoneIndex: 88
ParentIndex: 87
BoneChildCount: 1
89
1.000000 0.000000 0.000000 0.000000
0.000000 1.000000 0.000000 0.000000
0.000000 0.000000 1.000000 0.000000
0.000000 0.000000 0.000000 1.000000
1.000000 0.000000 -0.000000 0.000000
0.000000 1.000000 -0.000000 0.000000
-0.000000 -0.000000 1.000000 -0.000000
0.000000 0.000023 0.000000 1.000000
BoneName: mixamorig9:RightHand_$AssimpFbx$_PreRotation
BoneIndex: 89
ParentIndex: 88
BoneChildCount: 1
90
1.000000 0.000000 0.000000 0.000000
0.000000 1.000000 0.000000 0.000000
0.000000 0.000000 1.000000 0.000000
0.000000 0.000000 0.000000 1.000000
0.990317 -0.055275 -0.127348 0.000000
0.041843 0.993503 -0.105838 0.000000
0.132371 0.099485 0.986195 -0.000000
0.000000 0.000000 -0.000000 1.000000
BoneName: mixamorig9:RightHand
BoneIndex: 90
ParentIndex: 89
BoneChildCount: 5
91
101
111
121
131
0.090726 -0.994102 -0.059420 0.000000
-0.093707 -0.067923 0.993280 0.000000
-0.991457 -0.084548 -0.099317 -0.000000
0.233967 -0.587961 -1.498784 1.000000
1.000000 0.000000 -0.000000 0.000000
0.000000 1.000000 -0.000000 0.000000
-0.000000 -0.000000 1.000000 -0.000000
0.000000 0.000000 -0.000000 1.000000
BoneName: mixamorig9:RightHandThumb1_$AssimpFbx$_Translation
BoneIndex: 91
ParentIndex: 90
BoneChildCount: 1
92
1.000000 0.000000 0.000000 0.000000
0.000000 1.000000 0.000000 0.000000
0.000000 0.000000 1.000000 0.000000
0.000000 0.000000 0.000000 1.000000
1.000000 0.000000 -0.000000 0.000000
0.000000 1.000000 -0.000000 0.000000
-0.000000 -0.000000 1.000000 -0.000000
0.000003 0.000003 -0.000001 1.000000
BoneName: mixamorig9:RightHandThumb1_$AssimpFbx$_PreRotation
BoneIndex: 92
ParentIndex: 91
BoneChildCount: 1
93
1.000000 0.000000 0.000000 0.000000
0.000000 1.000000 0.000000 0.000000
0.000000 0.000000 1.000000 0.000000
0.000000 0.000000 0.000000 1.000000
0.848860 -0.528617 0.000000 0.000000
0.502594 0.807072 -0.309894 0.000000
0.163815 0.263056 0.950771 -0.000000
0.000000 0.000000 -0.000000 1.000000
BoneName: mixamorig9:RightHandThumb1
BoneIndex: 93
ParentIndex: 92
BoneChildCount: 1
94
0.602513 -0.738300 -0.303137 0.000000
-0.043639 -0.409726 0.911164 0.000000
-0.796915 -0.535759 -0.279084 -0.000000
0.500707 0.062032 -1.541340 1.000000
1.000000 0.000000 -0.000000 0.000000
0.000000 1.000000 -0.000000 0.000000
-0.000000 -0.000000 1.000000 -0.000000
0.000000 0.000000 -0.000000 1.000000
BoneName: mixamorig9:RightHandThumb2_$AssimpFbx$_Translation
BoneIndex: 94
ParentIndex: 93
BoneChildCount: 1
95
1.000000 0.000000 0.000000 0.000000
0.000000 1.000000 0.000000 0.000000
0.000000 0.000000 1.000000 0.000000
0.000000 0.000000 0.000000 1.000000
1.000000 0.000000 -0.000000 0.000000
0.000000 1.000000 -0.000000 0.000000
-0.000000 -0.000000 1.000000 -0.000000
0.000001 0.000004 -0.000000 1.000000
BoneName: mixamorig9:RightHandThumb2_$AssimpFbx$_PreRotation
BoneIndex: 95
ParentIndex: 94
BoneChildCount: 1
96
1.000000 0.000000 0.000000 0.000000
0.000000 1.000000 0.000000 0.000000
0.000000 0.000000 1.000000 0.000000
0.000000 0.000000 0.000000 1.000000
1.000000 0.000000 -0.000000 0.000000
0.000000 0.995847 -0.091047 0.000000
-0.000000 0.091047 0.995847 -0.000000
0.000000 0.000000 -0.000000 1.000000
BoneName: mixamorig9:RightHandThumb2
BoneIndex: 96
ParentIndex: 95
BoneChildCount: 1
97
0.602513 -0.707634 -0.369098 0.000000
-0.043639 -0.490983 0.870075 0.000000
-0.796915 -0.508124 -0.326704 -0.000000
0.493744 0.165863 -1.532604 1.000000
1.000000 0.000000 -0.000000 0.000000
0.000000 1.000000 -0.000000 0.000000
-0.000000 -0.000000 1.000000 -0.000000
0.000000 0.000000 -0.000000 1.000000
BoneName: mixamorig9:RightHandThumb3_$AssimpFbx$_Translation
BoneIndex: 97
ParentIndex: 96
BoneChildCount: 1
98
1.000000 0.000000 0.000000 0.000000
0.000000 1.000000 0.000000 0.000000
0.000000 0.000000 1.000000 0.000000
0.000000 0.000000 0.000000 1.000000
1.000000 0.000000 -0.000000 0.000000
0.000000 1.000000 -0.000000 0.000000
-0.000000 -0.000000 1.000000 -0.000000
-0.000000 0.000003 0.000000 1.000000
BoneName: mixamorig9:RightHandThumb3_$AssimpFbx$_PreRotation
BoneIndex: 98
ParentIndex: 97
BoneChildCount: 1
99
1.000000 0.000000 0.000000 0.000000
0.000000 1.000000 0.000000 0.000000
0.000000 0.000000 1.000000 0.000000
0.000000 0.000000 0.000000 1.000000
1.000000 0.000000 -0.000000 0.000000
0.000000 0.999914 0.013085 0.000000
-0.000000 -0.013085 0.999914 -0.000000
0.000000 0.000000 -0.000000 1.000000
BoneName: mixamorig9:RightHandThumb3
BoneIndex: 99
ParentIndex: 98
BoneChildCount: 1
100
0.602513 -0.712403 -0.359807 0.000000
-0.043639 -0.479556 0.876425 0.000000
-0.796915 -0.512356 -0.320028 -0.000000
0.494600 0.113094 -1.534216 1.000000
1.000000 0.000000 -0.000000 0.000000
0.000000 1.000000 -0.000000 0.000000
-0.000000 -0.000000 1.000000 -0.000000
0.000000 0.000000 -0.000000 1.000000
BoneName: mixamorig9:RightHandThumb4
BoneIndex: 100
ParentIndex: 99
BoneChildCount: 0
0.602513 -0.712403 -0.359807 0.000000
-0.043639 -0.479556 0.876425 0.000000
-0.796915 -0.512356 -0.320028 -0.000000
0.500707 0.088177 -1.534216 1.000000
1.000000 0.000000 -0.000000 0.000000
0.000000 1.000000 -0.000000 0.000000
-0.000000 -0.000000 1.000000 -0.000000
-0.000001 0.000002 -0.000000 1.000000
BoneName: mixamorig9:RightHandIndex1_$AssimpFbx$_Translation
BoneIndex: 101
ParentIndex: 90
